baabbbaaaaababbbbbabbbaabbabaabaababaaba
baabbbaaaaababbb TRUE-INDEX 0
[29, 106, 106, 29, 29, 96, 29, 60, 112, 35, 106, 38, 77, 106, 13, 42, 8, 106, 106, 106, 29, 106, 96, 119, 29, 96, 106, 96, 62, 29, 110, 79, 29, 12, 102, 29, 124, 42, 29, 29, 106, 29, 29, 3, 29, 1, 106, 16, 50, 109, 29, 106, 29, 29, 29, 106, 29, 29, 106, 29, 29, 29, 96, 119, 5, 66, 104]
abaaaaababbbbbaaaabbabbb
abaaaaababbbbbaaaabbabb TRUE-INDEX 0
[106, 29, 106, 106, 106, 106, 106, 106, 119, 49, 106, 17, 72, 102, 29, 124, 42, 8, 106, 29, 29, 29, 29, 29, 29, 29, 29, 29, 96, 29, 29, 29, 29, 3, 29, 1, 14, 106, 92, 37, 106, 124, 42, 106, 106, 29, 29, 106, 58, 2, 29, 71, 29, 29, 106, 29, 29, 29, 106, 29, 106, 29, 29, 29, 58, 116, 106, 9, 106, 29, 29, 96, 119, 106, 110, 111, 29, 44, 29, 90]
bbbbbbbaaaabaaaaaaababbabbbbbbabbbbabaababbabbaababbabba
bbbbbbbaaaabaaaaaaab TRUE-INDEX 0
[29, 29, 29, 29, 29, 96, 29, 60, 46, 29, 28, 25, 77, 106, 13, 42, 8, 106, 106, 106, 29, 106, 96, 119, 106, 110, 79, 106, 106, 106, 29, 106, 106, 40, 82, 106, 99, 87, 37, 106, 124, 42, 106, 106, 106, 29, 96, 106, 96, 62, 2, 29, 71, 106, 106, 106, 106, 29, 51, 106, 29, 96, 95, 106, 80, 29, 55, 120, 106, 106, 106, 106, 106, 106, 96, 29, 96, 62]
abaababbabababbaabbaaababababaababababaabbbbbbab
abaababbabababbaabbaa TRUE-INDEX 0
[106, 29, 106, 106, 29, 106, 105, 26, 29, 17, 72, 102, 29, 124, 42, 8, 106, 29, 106, 29, 106, 29, 29, 106, 29, 96, 106, 96, 62, 29, 48, 91, 29, 92, 37, 106, 124, 42, 106, 29, 29, 106, 106, 106, 119, 85, 106, 106, 29, 29, 106, 106, 40, 29, 29, 29, 29, 106, 58, 106, 96, 74, 111]
babaaaaabbbbabaaaaaaaaabaabababa
babaaaaabbbbabaaaaaaaaa TRUE-INDEX 0
[29, 106, 29, 106, 106, 106, 119, 46, 35, 106, 38, 77, 106, 13, 42, 8, 29, 29, 29, 29, 106, 106, 96, 29, 60, 46, 29, 106, 40, 29, 7, 106, 28, 25, 77, 106, 13, 42, 106, 106, 106, 106, 96, 106, 96, 62, 2, 106, 106, 106, 106, 106, 106, 106, 106, 51, 86, 106, 55, 120, 106, 90]
aababbaabaaaabbbaababbaabbbababababbabaabbabbaab
aababbaabaaaabbbaababb TRUE-INDEX 0
[106, 106, 29, 106, 29, 96, 95, 29, 106, 29, 3, 86, 29, 106, 98, 29, 106, 98, 29, 47, 29, 65, 106, 12, 102, 106, 29, 106, 29, 29, 106, 98, 32, 127, 87, 37, 106, 124, 42, 8, 29, 106, 106, 106, 106, 106, 96, 106, 29, 3, 100, 68, 29, 38, 77, 106, 106, 106, 106, 106, 106, 29, 3, 6, 29, 33, 89, 64, 29, 13, 42, 106, 106, 29, 29, 106, 29, 106, 29, 29, 3, 27, 129, 106, 29, 106, 29, 3, 86, 29, 106, 95, 106, 29, 106, 40, 122, 29, 9, 106, 29, 106, 96, 119, 29, 96, 106, 96, 62, 29, 110, 111, 29, 44]
baabbbbabbbababbaaabaaaababbbbab
baabbbbabbbababbaaab TRUE-INDEX 0
[29, 106, 106, 29, 29, 96, 29, 60, 112, 35, 106, 29, 96, 29, 29, 3, 100, 68, 29, 38, 77, 106, 13, 42, 8, 29, 29, 29, 106, 29, 106, 96, 119, 46, 29, 28, 25, 77, 29, 29, 106, 29, 106, 29, 51, 4, 39, 63, 64, 29, 13, 42, 106, 106, 106, 29, 96, 106, 96, 62, 2, 106, 29, 106, 58, 21, 106, 71, 106, 67, 94, 106, 106, 106, 29, 51, 106, 29, 96, 95, 106, 80, 106, 106, 106, 106, 106, 106, 96, 29, 96, 62]
babbabbabbbababaaabaaaaabaaaabab
babbabbabbbababaaabaaa TRUE-INDEX 0
[29, 106, 29, 29, 106, 106, 96, 29, 60, 46, 35, 29, 29, 106, 106, 96, 29, 60, 112, 68, 29, 38, 77, 106, 13, 42, 8, 29, 29, 29, 106, 29, 106, 96, 119, 46, 29, 28, 25, 77, 106, 13, 42, 106, 106, 29, 29, 106, 106, 40, 21, 106, 71, 106, 67, 94, 106, 29, 106, 29, 106, 95, 106, 80, 106, 29, 106, 40, 122, 106, 29, 106, 58, 116, 106, 9, 106, 44]
abaabababbbababbababbaaaaaaabbbabbbbaabbbabbbabbbabbabab
 TRUE-INDEX 0
[106, 29, 106, 106, 29, 106, 105, 26, 29, 17, 72, 102, 29, 106, 106, 96, 29, 96, 62, 106, 106, 106, 29, 96, 95, 106, 52, 14]
bbabaaabaaaaabaaabbabbbbbababbba
b TRUE-INDEX 0
[29, 29, 106, 29, 106, 29, 106, 29, 96, 106]
bbbababbabaaabbbabbaaaaaababbabb
bbbababbabaaabbbabbaa TRUE-INDEX 0
[29, 29, 29, 106, 29, 106, 96, 119, 46, 29, 28, 25, 77, 29, 29, 106, 29, 106, 29, 51, 4, 39, 63, 64, 29, 13, 42, 8, 106, 29, 106, 106, 106, 29, 105, 26, 29, 17, 72, 102, 29, 124, 42, 106, 29, 29, 106, 106, 106, 119, 85, 106, 88, 117, 94, 29, 29, 106, 106, 40, 29, 29, 29, 29, 106, 58, 106, 96, 74, 111]
babbabbbaaaaaabbabaaabbbbbbbbababaabaaabaaabaabbaabbabba
ba TRUE-INDEX 0
[29, 106, 29, 29, 106, 106, 96, 29, 60, 46, 35, 29, 29, 106, 106, 96, 29, 60, 112, 68, 29, 38, 77, 106, 29, 29]
abbaaaaabbbaabbbaabaabbbbababbba
abbaaaaab TRUE-INDEX 0
[106, 29, 29, 106, 106, 96, 95, 106, 52, 106, 106, 40, 29, 29, 106, 96, 106, 106, 40, 43, 91, 29, 106, 106, 96, 106, 96, 62, 106, 1, 14, 106, 92, 37, 106, 124, 42, 8, 29, 29, 29, 106, 106, 106, 106, 40, 29, 7, 29, 29, 106, 106, 29]
bbababaaaababbbabababaabaaabbbbbabbabbabbbbabbbbaabbababbaaaabbb
bbababaa TRUE-INDEX 0
[29, 29, 106, 29, 106, 29, 106, 58, 21, 24, 25, 77, 106, 13, 42, 8, 106, 106, 29, 106, 29, 96, 95, 29, 106, 29, 3, 86, 29, 106, 98, 29, 106, 98, 29, 47, 29, 65, 106, 29, 106, 29, 29]
abaabbababbbaaabbbbaaaaabababbabbbabbaaaababaabbbbbbabab
abaabbababbbaaab TRUE-INDEX 0
[106, 29, 106, 106, 29, 106, 29, 29, 96, 119, 49, 106, 17, 72, 102, 29, 124, 42, 8, 106, 29, 29, 29, 106, 98, 29, 106, 95, 106, 52, 29, 106, 98, 106, 123, 106, 81, 72, 102, 29, 124, 42, 29, 29, 29, 106, 106, 106, 106, 60, 59, 73, 50, 109, 29, 29, 29, 22, 106, 57, 29, 29, 29, 29, 106, 106, 75]
bbababaabaaaababaaaababb
bbababaabaaaab TRUE-INDEX 0
[29, 29, 106, 29, 106, 29, 106, 58, 21, 24, 25, 77, 106, 13, 42, 8, 29, 106, 106, 106, 106, 106, 96, 106, 29, 3, 100, 68, 106, 106, 106, 106, 106, 106, 29, 3, 6]
ababaabbbbbaababbbbabaaa
ababaabbbbbaabab TRUE-INDEX 0
[106, 29, 106, 29, 106, 106, 22, 26, 29, 17, 72, 102, 29, 124, 42, 8, 29, 29, 29, 106, 106, 106, 106, 40, 29, 7, 106, 28, 25, 77, 29, 29, 106, 106, 29, 106, 98, 4, 39, 63, 64, 29, 13, 42, 29, 29, 29, 106, 29, 29, 29, 29, 22, 106, 57, 29, 15, 29, 29, 29, 29, 106]
aababbaaaababbabbbbaababababbbbababaaababababbbaabbbbbba
aababbaaaababbab TRUE-INDEX 0
[106, 106, 29, 106, 29, 96, 95, 29, 106, 29, 3, 86, 29, 106, 98, 29, 106, 98, 29, 47, 29, 65, 106, 12, 102, 106, 29, 106, 29, 29, 106, 98, 32, 127, 87, 37, 106, 124, 42, 8, 106, 106, 29, 106, 29, 96, 95, 29, 106, 29, 3, 86, 29, 106, 98, 29, 106, 98, 29, 47, 29, 65, 106, 12, 102, 29, 124, 42, 29, 29, 29, 106, 106, 29, 96, 29, 29, 29, 22, 106, 57, 29, 29, 29, 29, 106, 106, 75, 29, 126, 66, 104]
baababbaabbbabbbaaaabaabbbbbbbab
baababbaabbbabbbaaaabaa TRUE-INDEX 0
[29, 106, 106, 29, 106, 106, 96, 29, 60, 112, 35, 106, 29, 96, 106, 29, 3, 100, 68, 29, 38, 77, 106, 13, 42, 8, 106, 29, 29, 29, 106, 98, 29, 52, 29, 81, 72, 102, 29, 124, 42, 106, 106, 106, 106, 96, 29, 96, 62, 2, 106, 106, 106, 29, 54, 106, 61, 129, 106, 106, 106, 29, 51, 86, 106, 55, 120, 106, 90]
abaabaabbbaaabbbaaabbbaabbbbbabaaabaabaaabbaaabbbbaaabaabbaabbab
abaabaabb TRUE-INDEX 0
[106, 29, 106, 106, 29, 106, 105, 26, 106, 29, 106, 96, 119, 49, 106, 17, 72, 102, 29, 124, 42, 8, 29, 29, 106, 106, 106, 29, 106, 106, 96, 106, 29]
aabbbaababaabbbaaabbbababbbbabbabbbbaaaabbbbbaaa
aabbbaababaabbbaaabbb TRUE-INDEX 0
[106, 106, 29, 29, 29, 29, 29, 29, 3, 86, 106, 65, 106, 12, 102, 29, 124, 42, 8, 106, 29, 106, 106, 29, 106, 29, 29, 96, 119, 49, 29, 106, 106, 96, 29, 96, 62, 29, 48, 91, 29, 92, 37, 106, 124, 42, 106, 106, 29, 29, 29, 29, 58, 2, 29, 29, 29, 29, 29, 106, 58, 27, 129, 29, 67, 94, 106, 29, 29, 29, 3, 86, 106, 55, 120, 106, 29, 106, 29, 29, 29, 58, 116, 106, 29, 29, 96, 119, 29, 96, 29, 96, 62, 29, 110, 111]
babbabaaaaabbababbbabaababbbabbbbaaababb
babbabaaaaabbaba TRUE-INDEX 0
[29, 106, 29, 29, 106, 106, 96, 29, 60, 46, 35, 106, 38, 77, 106, 13, 42, 8, 106, 106, 106, 29, 29, 96, 119, 106, 110, 79, 29, 12, 102, 106, 106, 29, 29, 106, 40, 82, 29, 29, 106, 95, 53, 29, 99, 87, 37, 106, 124, 42, 29, 29, 29, 106, 29, 29, 29, 29, 22, 106, 57, 29, 15, 29, 29, 29, 29, 106]
baaabbbabaaaabbbbababbabaaaababa
baaabbbabaaaabbb TRUE-INDEX 0
[29, 106, 106, 106, 29, 106, 106, 96, 29, 29, 3, 100, 68, 29, 38, 77, 106, 13, 42, 8, 29, 106, 106, 106, 106, 106, 96, 106, 29, 3, 100, 68, 29, 38, 77, 106, 106, 106, 106, 106, 106, 29, 3, 6, 29, 33, 89, 64, 29, 13, 42, 29, 106, 29, 106, 106, 29, 29, 29, 58, 118, 106, 29, 106, 40, 122, 106, 106, 29, 106, 29, 106, 29, 96, 29, 60, 18, 76, 104]
abbbaaabaabbbbaabbbbbbbabbabaaba
abbbaaabaabbbbaa TRUE-INDEX 0
[106, 29, 29, 29, 106, 98, 29, 106, 95, 106, 52, 29, 106, 98, 106, 123, 106, 81, 72, 102, 29, 124, 42, 8, 106, 106, 29, 29, 29, 29, 29, 29, 3, 86, 29, 29, 106, 29, 29, 29, 29, 106, 105, 10, 127, 87, 37, 106, 124, 42, 29, 29, 29, 29, 29, 29, 3, 29, 1, 73, 50, 109, 29, 29, 29, 22, 29, 29, 45, 29, 57, 29, 15, 29, 107, 29, 29, 29, 29, 45]
aabbbbaabbabbbaaabababbaaaabbaaaaabbbbba
aabbbbaabbabbbaaa TRUE-INDEX 0
[106, 106, 29, 29, 29, 29, 29, 29, 3, 86, 29, 29, 106, 29, 29, 29, 29, 106, 105, 10, 127, 87, 37, 106, 124, 42, 8, 29, 29, 106, 29, 29, 29, 106, 40, 21, 24, 25, 77, 106, 13, 42, 106, 29, 106, 29, 106, 96, 119, 29, 103, 29, 106, 105, 29, 23, 29, 115, 117, 94, 29, 106, 29, 29, 106, 29, 106, 29, 54, 116, 106, 9, 29]
baaaabaabbabaaaaabaababa
baaaab TRUE-INDEX 0
[29, 106, 106, 106, 106, 106, 96, 106, 29, 3, 100, 68, 106, 106, 106, 106, 106, 106, 29, 3, 6]
bbaabbabababbaaaabbaaaaaabbaaaaabbaaaaaaaabababbbabbbaba
b TRUE-INDEX 0
[29, 29, 106, 106, 29, 29, 106, 95, 53, 24, 25, 77, 29, 106, 106, 96, 29, 29]
aaaabaaaaaabbbbabbbaabbabaaaabab
 TRUE-INDEX 0
[106, 106, 106, 106, 106, 96, 29, 96, 62, 106, 106, 29, 51, 86, 106, 65, 106, 12, 102, 106, 106, 106]
abbaabbbaababbbbabbbbaabbbaaababaaabababbbbbabbababbbaaaaaaaaaabbbbabababbbbbbbb
 TRUE-INDEX 0
[106, 29, 29, 106, 106, 96, 95, 106, 106, 40, 29, 123, 29, 29, 106, 96, 106, 29, 106, 106, 96, 106, 96, 62]
aaabbbbbbbaaaaaababaaaaa
aaabbbbbbbaaaaaa TRUE-INDEX 0
[106, 106, 106, 29, 29, 96, 119, 29, 96, 29, 96, 62, 29, 110, 79, 29, 12, 102, 29, 124, 42, 8, 29, 29, 106, 106, 106, 106, 106, 75, 53, 24, 25, 77, 106, 13, 42, 29, 106, 29, 106, 106, 106, 106, 51, 93, 106, 70, 128, 109, 106, 29, 106, 40, 122, 106, 15, 106, 29, 106, 29, 106, 106, 106, 60, 18, 76, 104]
bbbaabaabaababbbabbabababababbaaaaabaaaabbabbbaaabbabbbabbabbaab
bbbaabaabaa TRUE-INDEX 0
[29, 29, 29, 106, 106, 106, 106, 40, 29, 7, 106, 28, 25, 77, 106, 13, 42, 8, 29, 106, 106, 29, 106, 106, 96, 29, 60, 112, 35, 106, 29, 96, 106, 29, 3, 100, 68, 29, 38, 77, 106, 106, 29, 106, 29, 3, 108, 29, 106]
aaaaabbbbaabbbbabaabaabbbbbaababbaabbbbbbabaabaa
aaaaabbbbaabbbba TRUE-INDEX 0
[106, 106, 106, 106, 106, 119, 106, 96, 106, 96, 62, 29, 110, 79, 29, 12, 102, 29, 124, 42, 8, 29, 106, 106, 29, 29, 96, 29, 60, 112, 35, 106, 29, 96, 29, 29, 3, 100, 68, 29, 38, 77, 106, 13, 42, 29, 106, 106, 29, 106, 106, 40, 106, 106, 106, 106, 106, 22, 106, 106, 29, 3, 106, 106, 106, 29, 96, 106, 106, 40, 43, 76, 104, 29, 125]
bbbaaaababaabbbbaabbbbbbaabbaaba
b TRUE-INDEX 0
[29, 29, 29, 106, 106, 106, 119, 46, 106, 106, 40, 106, 106, 96, 95, 106, 7, 106, 28, 25, 77, 29, 29, 106, 106]
abbaaababbaababaabbaaababbaaaaaaaaaaaaaa
abbaaababbaababaabbaa TRUE-INDEX 0
[106, 29, 29, 106, 106, 96, 95, 106, 52, 29, 81, 72, 102, 29, 29, 106, 96, 106, 106, 40, 43, 91, 29, 92, 37, 106, 124, 42, 8, 29, 29, 106, 106, 29, 106, 29, 96, 95, 53, 24, 25, 77, 106, 13, 42, 106, 29, 29, 106, 106, 106, 119, 85, 106, 106, 29, 29, 106, 106, 40, 29, 29, 29, 29, 106, 58, 106, 96, 74, 111]
babbbbaabaababbaaaaaaabbabaaabbbbaabababbbbabbba
babbbbaabaababbaaaaaa TRUE-INDEX 0
[29, 106, 29, 29, 29, 96, 29, 60, 46, 35, 106, 38, 77, 106, 13, 42, 8, 29, 106, 106, 29, 106, 106, 96, 29, 60, 112, 35, 106, 29, 96, 106, 29, 3, 100, 68, 29, 38, 77, 106, 13, 42, 106, 106, 106, 106, 96, 106, 96, 62, 2, 106, 106, 106, 106, 106, 106, 106, 106, 51, 86, 106, 55, 120, 106, 106, 106, 40, 122, 106, 106, 106, 106, 119, 106, 110, 111]
aaaaabbbaabbabbbababaaaabababbabbbbababa
aaaaabbbaabbabbbababaa TRUE-INDEX 0
[106, 106, 106, 106, 106, 119, 106, 96, 106, 96, 62, 29, 110, 79, 29, 12, 102, 29, 124, 42, 8, 106, 106, 29, 29, 106, 98, 29, 52, 79, 29, 12, 102, 29, 124, 42, 106, 29, 106, 29, 106, 96, 119, 29, 106, 98, 106, 103, 106, 115, 117, 94, 29, 106, 29, 29, 106, 29, 106, 29, 54, 116, 106, 9, 106, 44]
baaaabbaabbabaaaabbbabab
baaaabbaabbabaaaabbbaba TRUE-INDEX 0
[29, 106, 106, 106, 106, 106, 96, 106, 29, 3, 100, 68, 29, 38, 77, 106, 13, 42, 8, 106, 29, 29, 106, 29, 96, 95, 106, 52, 106, 29, 29, 106, 96, 29, 106, 40, 43, 91, 29, 106, 29, 3, 106, 96, 29, 96, 62, 106, 1, 14, 106, 92, 37, 106, 124, 42, 106, 29, 29, 29, 29, 29, 29, 29, 106, 40, 29, 121, 34, 120, 106, 90]
baaabbababaabaabbbbaabaaaaaabbaababbbaba
baaabbababaabaab TRUE-INDEX 0
[29, 106, 106, 106, 29, 106, 106, 96, 29, 29, 3, 100, 68, 106, 106, 106, 29, 29, 96, 119, 108, 106, 33, 89, 64, 29, 13, 42, 8, 106, 29, 106, 106, 29, 106, 105, 26, 106, 29, 106, 96, 119, 49, 106, 17, 72, 102, 29, 124, 42, 29, 29, 29, 106, 106, 29, 96, 29, 29, 29, 22, 106, 57, 29, 29, 29, 29, 106, 106, 75, 29, 126, 66, 104]
bababaabbbbbaaaabbbaaaaaababbabaabaaaaabbabaabaabbabaaaababbaabbaaabbaab
bababaabbbbbaaaa TRUE-INDEX 0
[29, 106, 29, 106, 29, 106, 96, 119, 46, 35, 106, 38, 77, 106, 29, 106, 29, 106, 58, 106, 30, 84, 89, 64, 29, 13, 42, 8, 29, 29, 29, 29, 106, 106, 60, 46, 29, 106, 40, 29, 106, 95, 106, 7, 106, 28, 25, 77, 106, 13, 42, 29, 29, 29, 106, 106, 106, 106, 60, 59, 73, 50, 109, 29, 29, 29, 22, 106, 57, 29, 29, 29, 29, 106, 106, 75]
baaabbabbbbaaaaaaaaaaabbbaaaabbbbaababbaaaabbaabbbabaaaaaabbbbab
baaabbabbbbaaaaaaaaaa TRUE-INDEX 0
[29, 106, 106, 106, 29, 106, 106, 96, 29, 29, 3, 100, 68, 106, 106, 106, 29, 29, 96, 119, 108, 106, 33, 89, 64, 29, 13, 42, 8, 29, 29, 29, 106, 106, 106, 119, 46, 106, 106, 40, 106, 106, 96, 95, 106, 7, 106, 28, 25, 77, 106, 13, 42, 106, 106, 106, 106, 96, 106, 96, 62, 2, 106, 106, 106, 106, 106, 106, 106, 106, 51, 86, 106, 55, 120, 106, 106, 106, 40, 122, 106, 106, 106, 106, 119, 106, 110, 111]
bababbaaabbbaabaaabbabbbbaaaaabb
bababbaaabbbaabaaabbabb TRUE-INDEX 0
[29, 106, 29, 106, 29, 29, 96, 119, 46, 35, 106, 38, 77, 106, 13, 42, 8, 106, 29, 29, 29, 106, 98, 29, 106, 95, 106, 52, 29, 81, 72, 102, 29, 29, 29, 96, 106, 106, 40, 43, 91, 29, 92, 37, 106, 124, 42, 106, 106, 29, 29, 106, 58, 2, 29, 71, 29, 29, 106, 29, 29, 29, 106, 29, 106, 29, 29, 29, 58, 116, 106, 9, 106, 29, 29, 96, 119, 106, 110, 111, 29, 44, 29, 90]
aabbbababbababaababbaaaabbabaabb
aabbbababbababaa TRUE-INDEX 0
[106, 106, 29, 29, 29, 29, 29, 29, 3, 86, 106, 65, 106, 29, 29, 29, 106, 29, 105, 10, 127, 87, 37, 106, 124, 42, 8, 29, 29, 106, 29, 106, 29, 106, 58, 21, 24, 25, 77, 106, 13, 42, 29, 106, 29, 29, 106, 106, 60, 93, 106, 70, 128, 109, 106, 29, 106, 106, 29, 29, 3, 106, 29, 29]
aababbababbbbababbbbaaaabbaaaaaaaaababaa
aababbababbbbaba TRUE-INDEX 0
[106, 106, 29, 106, 29, 96, 95, 29, 106, 29, 3, 86, 29, 106, 98, 29, 106, 98, 29, 47, 29, 65, 106, 12, 102, 29, 124, 42, 8, 106, 29, 29, 29, 29, 29, 29, 29, 29, 29, 96, 29, 106, 40, 43, 91, 29, 92, 37, 106, 124, 42, 29, 29, 29, 29, 106, 106, 96, 106, 96, 62, 106, 1, 73, 50, 109, 29, 29, 29, 22, 29, 29, 45, 29, 57, 29, 29, 29, 29, 29, 29]
baaabbbabbbaaababbbbbabbbbbbaaab
baaabbbabbbaaaba TRUE-INDEX 0
[29, 106, 106, 106, 29, 106, 106, 96, 29, 29, 3, 100, 68, 29, 38, 77, 106, 13, 42, 8, 29, 29, 29, 106, 106, 106, 119, 46, 29, 28, 25, 77, 106, 13, 42, 29, 29, 29, 29, 29, 29, 96, 106, 96, 62, 29, 29, 29, 22, 29, 29, 45, 29, 57, 29, 15, 29, 29, 29, 29, 45, 36, 83, 106, 107, 29, 29, 29, 29, 45, 106, 126, 66, 104, 29, 125]
bbabbaabbbbbbbaababbaaab
b TRUE-INDEX 0
[29, 29, 106, 29, 29, 106, 106, 40, 21, 24, 25, 77, 29, 106, 29, 96, 29, 106]
abbaaababaaabbababbaaabbbabbbbabababaaab
abbaaababaaabbababbaa TRUE-INDEX 0
[106, 29, 29, 106, 106, 96, 95, 106, 52, 29, 81, 72, 102, 29, 29, 106, 96, 106, 106, 40, 43, 91, 29, 92, 37, 106, 124, 42, 8, 29, 106, 106, 106, 29, 106, 106, 96, 29, 29, 3, 100, 68, 106, 106, 106, 29, 29, 96, 119, 108, 106, 33, 89, 64, 29, 13, 42, 106, 29, 29, 106, 106, 106, 119, 85, 106, 106, 29, 29, 106, 106, 40, 29, 29, 29, 29, 106, 58, 106, 96, 74, 111]
baababaababaabaabbabbbaaabbbababababbabababaaabababbbbabbaaabbaa
baababaaba TRUE-INDEX 0
[29, 106, 106, 29, 106, 106, 96, 29, 60, 112, 35, 106, 38, 77, 106, 13, 42, 8, 29, 106, 29, 106, 106, 29, 106, 106, 29, 106, 106, 29, 51]
bbabaababababaabbabbbaba
b TRUE-INDEX 0
[29, 29, 106, 29, 106, 29, 106, 29, 96, 106]
aabbabbbbaaabaaaabbbaabaabaabaabaaabaababbabbbaabbabbaab
aabbabbbbaaabaaaabbba TRUE-INDEX 0
[106, 106, 29, 29, 106, 98, 29, 52, 79, 29, 12, 102, 29, 124, 42, 8, 29, 106, 106, 106, 29, 106, 98, 112, 35, 106, 38, 77, 106, 13, 42, 106, 29, 29, 29, 29, 29, 29, 29, 106, 40, 29, 29, 29, 29, 29, 29, 58, 106, 96, 74, 111]
aaabbaabbbabaabababbabbbbbaaaabaaaaabbbbbbbabababbabbbababbaaabb
 TRUE-INDEX 0
[106, 106, 106, 29, 29, 96, 119, 106, 110, 79, 106, 106, 106, 29, 29, 106, 40, 82, 106, 99, 87, 37]
aaabbaaaabaaaaababbababbaaaabbbbbabbbbabaaabbbabbbbbbbab
aaabbaaaabaaaaababbab TRUE-INDEX 0
[106, 106, 106, 29, 29, 96, 119, 106, 110, 79, 106, 106, 106, 29, 29, 106, 40, 82, 106, 99, 87, 37, 106, 124, 42, 8, 106, 29, 106, 106, 106, 106, 106, 106, 119, 49, 106, 17, 72, 102, 29, 124, 42, 106, 29, 29, 106, 29, 106, 96, 119, 85, 106, 29, 29, 29, 106, 29, 29, 29, 29, 106, 58, 29, 96, 74, 111]
baaabbbaaabbbaabaababbaaabaabaabbbbaabba
baaabbbaaabbbaabaababb TRUE-INDEX 0
[29, 106, 106, 106, 29, 106, 106, 96, 29, 29, 3, 100, 68, 29, 38, 77, 106, 13, 42, 8, 106, 106, 29, 29, 29, 29, 29, 29, 3, 86, 106, 65, 106, 12, 102, 29, 124, 42, 106, 106, 29, 29, 106, 29, 106, 29, 29, 3, 27, 129, 106, 29, 106, 29, 3, 86, 29, 106, 95, 106, 29, 106, 40, 122, 29, 9, 106, 29, 106, 96, 119, 29, 96, 106, 96, 62, 29, 110, 111, 29, 44]
babaaaaaabababaaaaababbabbbaabaaaaabaaab
babaaaaaabababaaaaab TRUE-INDEX 0
[29, 106, 29, 106, 106, 106, 119, 46, 35, 106, 38, 77, 106, 13, 42, 8, 106, 29, 106, 29, 106, 29, 29, 106, 29, 96, 106, 96, 62, 29, 48, 91, 106, 29, 106, 98, 29, 52, 14, 106, 92, 37, 106, 124, 42, 106, 106, 106, 29, 96, 106, 96, 62, 2, 29, 71, 106, 106, 106, 106, 29, 51, 106, 29, 96, 95, 106, 80, 29, 55, 120, 106, 106, 106, 106, 106, 106, 96, 29, 96, 62]
aaaaabbbabbbbbaabbabbaaaabbbaababaababaaaababaaabaabbaaababaaaba
aaaaabbbabbbbbaa TRUE-INDEX 0
[106, 106, 106, 106, 106, 119, 106, 96, 106, 96, 62, 29, 110, 79, 29, 12, 102, 29, 124, 42, 8, 106, 29, 29, 29, 29, 29, 29, 29, 29, 29, 96, 29, 29, 29, 29, 3, 29, 1, 14, 106, 92, 37, 106, 124, 42, 29, 29, 106, 29, 29, 3, 29, 96, 29, 96, 62, 106, 1, 106, 16, 50, 109, 29, 106, 29, 29, 29, 106, 29, 29, 106, 29, 29, 106, 96, 119, 5, 66, 104]
babaaaaaabbaaaaaabaababbaabbbabbabbabababbabbbbaabbaabaabbbaabba
babaaaaaabbaaaaaabaabab TRUE-INDEX 0
[29, 106, 29, 106, 106, 106, 119, 46, 35, 106, 38, 77, 106, 13, 42, 8, 106, 29, 29, 106, 106, 96, 95, 106, 52, 106, 106, 40, 29, 29, 106, 96, 106, 106, 40, 43, 91, 29, 106, 106, 96, 106, 96, 62, 106, 1, 14, 106, 92, 37, 106, 124, 42, 106, 29, 106, 106, 106, 29, 105, 106, 29, 106, 106, 29, 29, 106, 106, 75, 122, 29, 9, 106, 44, 29, 90]
aababbaaaaaaaabaaaaaaabbbbbbbbabbbbaabbb
aababbaaaaaaaabaaaaaa TRUE-INDEX 0
[106, 106, 29, 106, 29, 96, 95, 29, 106, 29, 3, 86, 29, 106, 98, 29, 106, 98, 29, 47, 29, 65, 106, 12, 102, 106, 29, 106, 29, 29, 106, 98, 32, 127, 87, 37, 106, 124, 42, 8, 106, 106, 106, 106, 106, 119, 106, 110, 79, 29, 12, 102, 106, 106, 106, 106, 106, 75, 53, 29, 99, 87, 37, 106, 124, 42, 106, 106, 106, 106, 96, 106, 96, 62, 2, 106, 106, 106, 106, 106, 106, 106, 106, 51, 86, 106, 55, 120, 106, 106, 106, 40, 122, 106, 106, 106, 106, 119, 106, 110, 111]
bababbabbaaabaaabaaaaaabaabbabaaaababaaa
bababbabbaaabaaa TRUE-INDEX 0
[29, 106, 29, 106, 29, 29, 96, 119, 46, 35, 106, 38, 77, 106, 29, 106, 29, 29, 29, 58, 106, 30, 84, 89, 64, 29, 13, 42, 8, 29, 106, 106, 106, 29, 106, 98, 112, 35, 106, 38, 77, 106, 13, 42, 29, 106, 106, 106, 106, 106, 106, 106, 106, 40, 122, 106, 15, 106, 106, 106, 106, 75, 106, 20, 83, 106, 107, 106, 125]
aaaabbbaaabbabbabbbbbaab
 TRUE-INDEX 0
[106, 106, 106, 106, 106, 96, 29, 96, 62, 29, 110, 79, 29, 12, 102, 106, 106, 106]
baabbbbbbaaaaaabbbababbaaaababbbbbaaabbaabbbabaaaaabaaab
baabbbbbbaaaaaab TRUE-INDEX 0
[29, 106, 106, 29, 29, 96, 29, 60, 112, 35, 106, 29, 96, 29, 29, 3, 100, 68, 29, 38, 77, 106, 106, 29, 29, 29, 3, 108, 29, 29, 29, 96, 119, 6, 29, 33, 89, 64, 29, 13, 42, 8, 29, 106, 106, 106, 106, 106, 96, 106, 106, 106, 106, 106, 106, 119, 108, 106, 33, 89, 64, 29, 13, 42, 29, 29, 106, 29, 29, 96, 106, 96, 62, 29, 96, 106, 29, 51, 69, 29, 16, 50, 109, 29, 106, 29, 29, 29, 106, 29, 106, 98, 36, 83, 29, 106, 29, 106]
abbaaababbababbbbabbbabaabaaaabb
abbaaabab TRUE-INDEX 0
[106, 29, 29, 106, 106, 96, 95, 106, 52, 29, 81, 72, 102, 29, 29, 106, 96, 106, 106, 40, 43, 91, 29, 92, 37, 106, 124, 42, 8, 29, 29, 106, 29, 106, 29, 29, 29, 58, 21, 24, 25, 77, 29, 106, 29, 96, 106, 29]
baabaabbabbaaabbaaaaabbbaaababbbbaaaaaaa
baabaabbabbaaabbaaaaabb TRUE-INDEX 0
[29, 106, 106, 29, 106, 106, 60, 112, 35, 106, 29, 96, 106, 106, 106, 29, 106, 29, 106, 106, 119, 6, 29, 33, 89, 64, 29, 13, 42, 8, 106, 29, 29, 106, 106, 96, 95, 106, 52, 29, 81, 72, 102, 29, 124, 42, 106, 106, 106, 106, 96, 106, 96, 62, 2, 29, 71, 106, 106, 106, 106, 106, 106, 106, 51, 86, 106, 106, 106, 51, 106, 106, 96, 95, 106, 80, 29, 55, 120, 106, 106, 106, 40, 122, 106, 106, 106, 106, 119, 106, 110, 111, 29, 44, 29, 90]
bbaababbababaaaabbabbbbbbbbabaabbaabbabbababbbabbabbabab
bbaababbababaaaa TRUE-INDEX 0
[29, 29, 106, 106, 29, 106, 29, 96, 95, 53, 24, 25, 77, 29, 106, 106, 96, 29, 106, 29, 3, 101, 113, 63, 64, 29, 13, 42, 8, 106, 29, 106, 29, 106, 106, 22, 26, 29, 29, 106, 29, 96, 106, 96, 62, 29, 106, 29, 106, 98, 29, 106, 95, 106, 52, 14, 106, 92, 37, 106, 124, 42, 29, 29, 106, 29, 29, 3, 29, 1, 29, 96, 29, 106, 29, 29, 29, 106, 29, 29, 106, 29, 29, 29, 96, 119, 5, 66, 104, 29, 125]
babbbaabbbbbbabaaaaabbbbbbbbbaaaaababbaababaabbabbbabbab
babbbaabbbbbbab TRUE-INDEX 0
[29, 106, 29, 29, 29, 96, 29, 29, 29, 96, 106, 29, 29, 29, 106, 106, 22, 97, 84, 89, 64, 29, 13, 42, 8, 29, 29, 29, 29, 29, 96, 29, 29, 29, 29, 29, 29, 106, 40, 29, 121, 39, 63, 64]
aababbbabaaababababbabbb
 TRUE-INDEX 0
[106, 106, 29, 106, 29, 96, 95, 29, 106, 29, 3, 86, 29, 106, 98, 29, 106, 98, 29, 47, 29, 65, 106, 29, 106, 29, 29]
baabbabbbbabbbbbababbabaaaaabaabababbaabbbbaaaaaabbabaab
baabbabbbbabbbbba TRUE-INDEX 0
[29, 106, 106, 29, 29, 96, 106, 29, 96, 29, 106, 106, 29, 29, 29, 29, 106, 96, 119, 6, 29, 33, 89, 64, 29, 13, 42, 8, 29, 29, 106, 29, 29, 29, 29, 106, 29, 96, 29, 29, 29, 3, 101, 113, 63, 64, 29, 13, 42, 106, 29, 106, 29, 29, 96, 119, 29, 29, 29, 29, 22, 106, 23, 29, 115, 117, 94, 29, 106, 29, 29, 106, 58, 27, 34, 120, 29, 106, 29, 106, 29, 54, 116, 29]
babbaaaabaaaababaaaababbaabaabab
babbaaaabaaaab TRUE-INDEX 0
[29, 106, 29, 29, 106, 106, 60, 46, 35, 106, 38, 77, 106, 13, 42, 8, 29, 106, 106, 106, 106, 106, 96, 106, 29, 3, 100, 68, 106, 106, 106, 106, 106, 106, 29, 3, 6]
aabbbaabababbabbaababbabaabbbbabbabaabbaaaaaaaba
aabbbaab TRUE-INDEX 0
[106, 106, 29, 29, 29, 29, 29, 29, 3, 86, 106, 65, 106, 12, 102, 29, 124, 42, 8, 106, 29, 106, 29, 29, 29, 29, 106, 98, 49, 29, 106, 29, 96, 29, 96, 62, 29, 29, 22, 106, 48, 91, 29, 92, 37]
aababbaabaaabbbbbababaaaabbabbab
aababbaabaaabbbb TRUE-INDEX 0
[106, 106, 29, 106, 29, 96, 95, 29, 106, 29, 3, 86, 29, 106, 98, 29, 106, 98, 29, 47, 29, 65, 106, 12, 102, 106, 29, 106, 29, 29, 106, 98, 32, 127, 87, 37, 106, 124, 42, 8, 29, 106, 106, 106, 29, 106, 106, 96, 29, 29, 3, 100, 68, 29, 38, 77, 106, 106, 106, 29, 29, 96, 119, 108, 106, 29, 29, 3, 6, 29, 33, 89, 64, 29, 13, 42, 29, 106, 29, 106, 106, 29, 106, 58, 118, 106, 29, 106, 40, 122, 106, 106, 29, 106, 29, 106, 29, 96]
aaababbbabbabbaababbabbaabbaaaaaabbabaaaabbbbbba
aaababbbabbabbaa TRUE-INDEX 0
[106, 106, 106, 29, 106, 96, 119, 29, 96, 106, 96, 62, 29, 110, 79, 29, 12, 102, 29, 124, 42, 8, 106, 29, 29, 106, 29, 96, 95, 106, 29, 29, 106, 96, 29, 29, 106, 29, 3, 29, 1, 14, 106, 92, 37, 106, 124, 42, 29, 106, 29, 29, 106, 106, 96, 29, 60, 93, 29, 106, 29, 96, 95, 118, 29, 70, 128, 109, 106, 29, 106, 106, 29, 29, 3, 106, 29, 29]
abaaaaababaababbaabbbbaaaabbaabaaaabababbbabbbbaababbaaa
abaaaaababaababbaabbbb TRUE-INDEX 0
[106, 29, 106, 106, 106, 106, 106, 106, 119, 49, 106, 17, 72, 102, 29, 124, 42, 8, 106, 29, 106, 106, 29, 106, 105, 26, 29, 17, 72, 102, 29, 124, 42, 106, 106, 29, 29, 29, 29, 58, 2, 29, 71, 106, 67, 94, 106, 29, 29, 29, 3, 86, 29, 106, 29, 106, 29, 29, 29, 58, 116, 106, 29, 29, 96, 119, 29, 96, 29, 96, 62, 29, 110, 111, 29, 44]
aababbaabaabaabbabbbbbaaaabaaaaababbbbaababbabab
aababbaabaabaabbabbbbb TRUE-INDEX 0
[106, 106, 29, 106, 29, 96, 95, 29, 106, 29, 3, 86, 29, 106, 98, 29, 106, 98, 29, 47, 29, 65, 106, 12, 102, 106, 29, 106, 29, 29, 106, 98, 32, 127, 87, 37, 106, 124, 42, 8, 29, 106, 106, 29, 106, 106, 60, 112, 35, 106, 29, 96, 106, 106, 106, 29, 106, 29, 106, 106, 119, 6, 29, 33, 89, 64, 29, 13, 42, 106, 29, 29, 29, 29, 29, 29, 58, 85, 106, 88, 117, 94, 29, 29, 29, 29, 29, 29, 29, 29, 29, 58, 29, 96, 74, 111, 29, 44]
abbbbabaaababaabbbbbabaaabbaaababaabaaaaaabbbbabbabbabbbbabaabbaaaaaaaaa
abbbbabaaababaab TRUE-INDEX 0
[106, 29, 29, 29, 29, 29, 29, 29, 29, 29, 96, 29, 106, 40, 43, 91, 29, 92, 37, 106, 124, 42, 8, 106, 106, 29, 106, 29, 96, 95, 106, 52, 79, 29, 106, 29, 3, 86, 106, 65, 106, 12, 102, 29, 124, 42, 29, 29, 29, 29, 106, 29, 3, 106, 96, 29, 96, 62, 106, 1, 73, 50, 109, 29, 29, 29, 22, 29, 29, 45, 29, 57, 29, 29, 29, 29, 29, 29]
abaaaababaabbbbaaababbaaabbbaaabbababbaaababaaababbbbbbb
abaaaababaabbbbaaababb TRUE-INDEX 0
[106, 29, 106, 106, 106, 106, 106, 106, 119, 49, 29, 106, 106, 96, 106, 96, 62, 106, 106, 22, 106, 48, 91, 29, 92, 37, 106, 124, 42, 8, 29, 106, 106, 29, 29, 96, 29, 60, 112, 35, 106, 29, 96, 29, 29, 3, 100, 68, 29, 38, 77, 106, 13, 42, 106, 106, 29, 29, 106, 29, 106, 29, 29, 3, 27, 129, 106, 29, 106, 29, 3, 86, 29, 106, 95, 106, 29, 106, 40, 122, 29, 9, 106, 29, 106, 96, 119, 29, 96, 106, 96, 62, 29, 110, 111, 29, 44]
baababbabaabbbabbbbbaabbbbababbbbabbaaab
baababbabaabbbab TRUE-INDEX 0
[29, 106, 106, 29, 106, 106, 96, 29, 60, 112, 35, 106, 29, 96, 106, 29, 3, 100, 68, 29, 38, 77, 106, 13, 42, 8, 29, 106, 106, 29, 29, 96, 29, 60, 112, 35, 106, 38, 77, 106, 106, 29, 29, 29, 3, 108, 106, 33, 89, 64, 29, 13, 42, 29, 29, 29, 29, 106, 106, 96, 106, 96, 62, 29, 29, 29, 22, 29, 29, 45, 29, 57, 29, 29, 29, 29, 29, 29]
bbbababbababbbbbbabbbbaaabbabbabbbabbbab
bbbababbababbbbb TRUE-INDEX 0
[29, 29, 29, 106, 29, 106, 96, 119, 46, 29, 28, 25, 77, 29, 29, 106, 29, 106, 29, 51, 4, 39, 63, 64, 29, 13, 42, 8, 106, 29, 106, 29, 29, 29, 22, 26, 29, 17, 72, 102, 29, 124, 42, 29, 106, 29, 29, 29, 96, 29, 60, 93, 106, 70, 128, 109, 106, 29, 106, 106, 29, 29, 3, 29, 20, 83, 106, 29, 29, 29]
abababaabbbaababbbbbabbaaababaabbaaaabab
abababaabbbaabab TRUE-INDEX 0
[106, 29, 106, 29, 106, 29, 29, 106, 29, 96, 106, 96, 62, 29, 48, 91, 106, 29, 106, 98, 29, 52, 14, 106, 92, 37, 106, 124, 42, 8, 29, 29, 29, 106, 106, 106, 106, 40, 29, 7, 106, 28, 25, 77, 29, 29, 106, 106, 29, 106, 98, 4, 39, 63, 64, 29, 13, 42, 29, 29, 29, 29, 106, 29, 3, 29, 1, 73, 50, 109, 29, 29, 29, 22, 29, 29, 45, 29, 57, 29, 29, 29, 29, 29, 29]
abbabbaaaabbbaabbbaabaaabbabbbbababaabaaaabbaaab
abbabbaaaabbbaab TRUE-INDEX 0
[106, 29, 29, 106, 29, 96, 95, 106, 29, 29, 106, 96, 29, 29, 106, 29, 3, 29, 1, 14, 106, 92, 37, 106, 124, 42, 8, 106, 106, 29, 29, 29, 29, 29, 29, 3, 86, 106, 65, 106, 12, 102, 29, 124, 42, 29, 29, 106, 106, 29, 3, 106, 96, 29, 96, 62, 106, 1, 106, 16, 50, 109, 29, 106, 106, 75, 122, 29, 29, 29, 106, 29, 106, 106, 29, 96]
babababaaabbaabbbbaabbbbbbbbbabbbababbbaababaaab
babababaaabbaabb TRUE-INDEX 0
[29, 106, 29, 106, 29, 106, 96, 119, 46, 35, 29, 106, 29, 106, 98, 112, 68, 29, 38, 77, 106, 13, 42, 8, 106, 106, 29, 29, 106, 98, 29, 106, 95, 106, 52, 79, 29, 12, 102, 29, 124, 42, 29, 29, 106, 106, 29, 3, 29, 1, 106, 96, 29, 106, 106, 75, 122, 29, 29, 29, 106, 29, 106, 106, 29, 96, 29, 60, 5, 66, 104, 29, 125]
bbabaababaaabbbbbbbabaaabbaaaabb
b TRUE-INDEX 0
[29, 29, 106, 29, 106, 29, 106, 29, 96, 106]
abbbaabaabbbaabaaaabbaaaaaaabaabbabaaaba
abbbaabaabbbaabaaaabb TRUE-INDEX 0
[106, 29, 29, 29, 106, 98, 29, 106, 95, 106, 52, 29, 81, 72, 102, 29, 29, 29, 96, 106, 106, 40, 43, 91, 29, 92, 37, 106, 124, 42, 8, 106, 29, 29, 29, 106, 98, 29, 106, 95, 106, 52, 29, 81, 72, 102, 29, 29, 29, 96, 106, 106, 40, 43, 91, 29, 92, 37, 106, 124, 42, 106, 106, 106, 29, 96, 29, 96, 62, 2, 106, 29, 29, 29, 58, 21, 106, 71, 106, 67, 94, 106, 106, 106, 29, 51, 29, 80, 106, 106, 106, 106, 106, 106, 96, 29, 96, 62, 29, 110, 111]
abaaaaaabababbbaabaababbaaababbaaaabbbabbbbaaaaa
abaaaaaaba TRUE-INDEX 0
[106, 29, 106, 106, 106, 106, 106, 106, 119, 49, 106, 17, 72, 102, 29, 106, 106, 96, 106, 96, 62, 106, 106, 22, 106, 48, 91, 106, 106, 106, 96, 95, 106, 52, 14, 106, 92, 37, 106, 124, 42, 8, 29, 106, 29, 106, 29, 29, 96, 119, 46, 35, 29, 106, 29, 106, 29, 106, 29, 29, 29, 58]
aababaabaaaabaabbbaabbaaababbabb
aababaabaaaabaab TRUE-INDEX 0
[106, 106, 29, 106, 29, 96, 95, 106, 52, 79, 29, 106, 29, 3, 86, 106, 65, 106, 12, 102, 29, 124, 42, 8, 106, 106, 106, 106, 106, 96, 29, 96, 62, 106, 106, 29, 51, 86, 106, 65, 106, 12, 102, 29, 124, 42, 29, 29, 106, 106, 29, 3, 29, 1, 106, 16, 50, 109, 29, 106, 106, 75, 122, 29, 29, 29, 106, 29, 106, 106, 29, 96, 29, 60, 5, 66, 104]
baaaaabaabbabbbbbbabbabbbbbabaabababbaaababbbabababaaabbbabaaababaaaaabb
baaa TRUE-INDEX 0
[29, 106, 106, 106, 106, 106, 96, 106, 106, 106, 106, 106, 106, 119, 108, 106, 106]
aababbaaabbbaabbabaaaaabbabbabbababbbbaabbbbaaaabbaaaabb
aababbaaabbbaabba TRUE-INDEX 0
[106, 106, 29, 106, 29, 96, 95, 29, 106, 29, 3, 86, 29, 106, 98, 29, 106, 98, 29, 47, 29, 65, 106, 12, 102, 106, 29, 106, 29, 29, 106, 98, 32, 127, 87, 37, 106, 124, 42, 8, 106, 29, 29, 29, 106, 98, 29, 106, 95, 106, 52, 29, 81, 72, 102, 29, 124, 42, 106, 29, 106, 106, 106, 119, 106, 106, 106, 22, 106, 23, 29, 106, 106, 106, 29, 106, 106, 75, 122, 29, 106, 29]
bbbbbabbbaaabbbbbbbabaabbbbaaaba
bbbbbabbbaaabbbb TRUE-INDEX 0
[29, 29, 29, 29, 29, 96, 29, 29, 29, 29, 29, 29, 106, 40, 29, 121, 39, 63, 64, 29, 13, 42, 8, 29, 106, 106, 106, 29, 106, 106, 96, 29, 29, 3, 100, 68, 29, 38, 77, 106, 106, 106, 29, 29, 96, 119, 108, 106, 29, 29, 3, 6, 29, 33, 89, 64, 29, 13, 42, 29, 29, 29, 106, 29, 29, 29, 29, 22, 106, 57, 29, 15, 29, 29, 29, 29, 106]
abbabbaaaaaabbbabaaaaabaabbaaaabbaabababbaaaaaaaaababbbbbbababba
abbabbaa TRUE-INDEX 0
[106, 29, 29, 106, 29, 96, 95, 106, 29, 29, 106, 96, 29, 29, 106, 29, 3, 29, 1, 14, 106, 92, 37, 106, 124, 42, 8, 106, 106, 106, 106, 106, 96, 29, 96, 62, 29, 110, 79, 29, 12, 102, 106, 106, 106]
aabbaaaaabbbabbbaabbaabbaabbbbababbbabaa
aabbaaaaabbbabbbaabbaab TRUE-INDEX 0
[106, 106, 29, 29, 106, 98, 29, 106, 95, 106, 52, 79, 29, 29, 29, 29, 106, 29, 29, 106, 106, 106, 40, 10, 127, 87, 37, 106, 124, 42, 8, 106, 29, 29, 29, 106, 98, 29, 52, 29, 81, 72, 102, 29, 124, 42, 106, 106, 29, 29, 106, 58, 2, 29, 29, 106, 40, 21, 106, 71, 29, 29, 106, 29, 29, 29, 106, 29, 106, 29, 29, 29, 58, 116, 106, 9, 106, 44, 29, 90]
ababbababaababbaabaaabbaaaabaabbabbbbbab
ababbababaababbaa TRUE-INDEX 0
[106, 29, 106, 29, 29, 29, 29, 106, 98, 49, 29, 106, 29, 96, 29, 96, 62, 29, 29, 22, 106, 48, 91, 29, 92, 37, 106, 124, 42, 8, 29, 106, 106, 29, 106, 106, 96, 29, 60, 112, 35, 106, 29, 96, 106, 29, 3, 100, 68, 29, 38, 77, 106, 13, 42, 106, 29, 106, 106, 106, 119, 29, 103, 106, 106, 106, 22, 29, 106, 106, 106, 29, 3, 27, 34, 120, 29, 106, 106, 75, 122, 29, 106, 29]
bbbababbbbaabbaaabaabbbaabbbabbbbbabbaab
bbbababbbbaabbaaa TRUE-INDEX 0
[29, 29, 29, 106, 29, 106, 96, 119, 46, 29, 28, 25, 77, 29, 29, 106, 29, 106, 29, 51, 4, 39, 63, 64, 29, 13, 42, 8, 29, 29, 106, 106, 29, 29, 106, 95, 53, 24, 25, 77, 106, 13, 42, 106, 29, 106, 106, 106, 29, 105, 29, 23, 29, 115, 117, 94, 29, 106, 106, 29, 29, 3, 27, 34, 120, 29, 106, 106, 75, 122, 29, 9, 29]
aaaabbbbbababbbbbaabaabbbbbaabbaaaabbaab
aaaabbbbba TRUE-INDEX 0
[106, 106, 106, 106, 106, 96, 29, 96, 62, 29, 110, 79, 29, 12, 102, 29, 124, 42, 8, 29, 106, 29, 106, 29, 29, 96, 119, 46, 35, 29, 106, 29, 106, 29, 106, 29, 29, 29, 58]
babaaabbabbbabbabbabbbbaabaaabaaaaaabbaababbaaab
babaaabb TRUE-INDEX 0
[29, 106, 29, 106, 106, 106, 119, 46, 35, 29, 106, 106, 29, 106, 106, 106, 106, 51, 29, 30, 84, 89, 64, 29, 13, 42, 8, 106, 29, 29, 29, 106, 98, 29, 52, 29, 81, 72, 102, 29, 29, 29, 96, 106, 29, 29, 29, 96, 106, 96, 62]
baabaabaabbaabbaaaaaaabababaaaabababbabbbaaaaabbabbbaabb
baabaab TRUE-INDEX 0
[29, 106, 106, 29, 106, 106, 60, 112, 35, 106, 29, 96, 106, 106, 106, 29, 106, 29, 106, 106, 119, 6, 29, 33, 89, 64]
aabbabbbabbbaaabaabbaaaaaaaaabaabbabbaabbbbaabbaaabbbaaabaaabbaabbaaabba
aabbabbbabbbaaabaabbaa TRUE-INDEX 0
[106, 106, 29, 29, 106, 98, 29, 52, 79, 29, 12, 102, 29, 124, 42, 8, 106, 29, 29, 29, 106, 98, 29, 106, 95, 106, 52, 29, 106, 98, 106, 123, 106, 81, 72, 102, 29, 124, 42, 106, 106, 29, 29, 106, 58, 2, 29, 29, 106, 40, 21, 106, 71, 106, 67, 94, 106, 29, 29, 29, 106, 29, 106, 29, 29, 29, 58, 116, 106, 9, 106, 44]
abbbabbbabbaababbabbbbbbabbbbabb
abbbabbbabbaabab TRUE-INDEX 0
[106, 29, 29, 29, 106, 98, 29, 52, 29, 81, 72, 102, 29, 124, 42, 8, 106, 29, 29, 106, 106, 96, 95, 106, 106, 40, 29, 123, 106, 81, 72, 102, 29, 124, 42, 29, 106, 29, 29, 29, 96, 29, 60, 93, 29, 29, 106, 29, 106, 106, 29, 29, 3, 29, 20, 83, 106, 29, 29, 29]
bababbaabbbabababbbaaabaaababbba
bababbaabbbababa TRUE-INDEX 0
[29, 106, 29, 106, 29, 29, 96, 119, 46, 35, 106, 38, 77, 106, 13, 42, 8, 29, 29, 29, 106, 29, 106, 96, 119, 46, 29, 28, 25, 77, 106, 13, 42, 29, 29, 29, 106, 106, 106, 106, 96, 29, 60, 59, 73, 50, 109, 29, 29, 29, 22, 106, 57, 29, 29, 29, 29, 106, 106, 75]
aabbbbabaabbabaaababaabbabababaaaabbaababbbbabbbabbaaabababbaabb
 TRUE-INDEX 0
[106, 106, 29, 29, 29, 29, 29, 29, 3, 86, 29, 29, 106, 29, 29, 29, 29, 106, 105, 10, 127, 87, 37]
baaabaaabababaabbabbbbaaababaaaaabbaabaa
baaabaaabababaab TRUE-INDEX 0
[29, 106, 106, 106, 29, 106, 98, 112, 35, 106, 38, 77, 106, 13, 42, 8, 29, 106, 29, 106, 29, 106, 96, 119, 46, 35, 106, 38, 77, 106, 29, 106, 29, 106, 58, 106, 30, 84, 89, 64, 29, 13, 42, 29, 106, 29, 29, 29, 96, 29, 60, 93, 106, 70, 128, 109, 106, 29, 106, 106, 29, 29, 3, 29, 20, 83, 106, 29, 29, 29]
aaaababbbbbbbbbbaabaaaab
 TRUE-INDEX 0
[106, 106, 106, 106, 106, 96, 29, 96, 62, 106, 106, 29, 51, 86, 106, 65, 106, 106, 106]
bbaabaaabaabbbaabbababbaabaaabbabbbaabba
bbaabaaabaabbbaa TRUE-INDEX 0
[29, 29, 106, 106, 29, 106, 106, 96, 95, 53, 24, 25, 77, 106, 13, 42, 8, 29, 106, 106, 29, 29, 96, 29, 60, 112, 35, 106, 38, 77, 106, 13, 42, 29, 29, 106, 29, 29, 96, 106, 96, 62, 29, 96, 106, 29, 51, 69, 29, 16, 50, 109, 29, 106, 29, 29, 29, 106, 29, 106, 98, 36, 83, 29, 106, 29, 106]
abababaabbbaabbbbbaaabbb
abababaab TRUE-INDEX 0
[106, 29, 106, 29, 106, 29, 29, 106, 29, 96, 106, 96, 62, 29, 48, 91, 106, 29, 106, 98, 29, 52, 14, 106, 92, 37, 106, 124, 42, 8, 29, 29, 29, 106, 106, 106, 106, 40, 29, 7, 29, 29, 106, 106, 29]
bbaaaabababbaaaababaabbaaababbaababbbbbabbbabbbabbabbaaababababbaababbbbababbaaaababababbbaabbbb
b TRUE-INDEX 0
[29, 29, 106, 106, 106, 106, 29, 106, 106, 96, 106]
bbabbaaaabbaaababababbababababbaabaaabaa
bbabbaaaabbaaaba TRUE-INDEX 0
[29, 29, 106, 29, 29, 106, 106, 40, 21, 24, 25, 77, 106, 13, 42, 8, 106, 29, 29, 106, 106, 96, 95, 106, 52, 29, 81, 72, 102, 29, 29, 106, 96, 106, 106, 40, 43, 91, 29, 92, 37, 106, 124, 42, 29, 106, 29, 106, 106, 29, 29, 29, 58, 118, 106, 29, 106, 40, 122, 106, 106, 29, 106, 29, 106, 29, 96, 29, 60, 18, 76, 104]
abbaabaaabbbbabbaaabababbbbbaaaababbababbbbabbba
 TRUE-INDEX 0
[106, 29, 29, 106, 106, 96, 95, 106, 106, 40, 29, 123, 106, 81, 72, 102, 29, 29, 106, 96, 106, 29, 106, 106, 96, 106, 96, 62]
baaaabbbbabbbbbbbbbaababbaabbaba
baaaabbbbabbbbbb TRUE-INDEX 0
[29, 106, 106, 106, 106, 106, 96, 106, 29, 3, 100, 68, 29, 38, 77, 106, 106, 106, 106, 106, 106, 29, 3, 6, 29, 33, 89, 64, 29, 13, 42, 8, 29, 106, 29, 29, 29, 96, 29, 60, 46, 35, 29, 29, 29, 96, 29, 60, 112, 68, 29, 38, 77, 106, 29, 29, 29, 29, 29, 22, 97, 84, 89, 64, 29, 13, 42, 29, 29, 29, 106, 106, 29, 96, 29, 29, 29, 22, 106, 57, 29, 29, 29, 29, 106, 106, 75, 29, 126, 66, 104]
aabbabbabaaaababababababbabaababbbaaabbb
 TRUE-INDEX 0
[106, 106, 29, 29, 106, 98, 29, 52, 79, 29, 12, 102, 106, 29, 29, 106, 29]
abbaabbbbababbbabababaabaaababbbbbbabbababbaababababbbbb
 TRUE-INDEX 0
[106, 29, 29, 106, 106, 96, 95, 106, 106, 40, 29, 123, 29, 29, 106, 96, 106, 29, 106, 106, 96, 106, 96, 62]
abbaaabaaaababbbbaababbaaababbbb
abbaaabaaaababbb TRUE-INDEX 0
[106, 29, 29, 106, 106, 96, 95, 106, 52, 29, 81, 72, 102, 29, 29, 106, 96, 106, 106, 40, 43, 91, 29, 92, 37, 106, 124, 42, 8, 106, 106, 106, 29, 106, 96, 119, 29, 96, 106, 96, 62, 29, 110, 79, 29, 12, 102, 29, 124, 42, 29, 106, 106, 29, 106, 106, 29, 54, 29, 19, 114, 128, 109, 106, 106, 106, 106, 22, 106, 106, 29, 3, 106, 106, 106, 29, 96, 106]
abaabaaabbbbaababababaaaaaaababa
abaabaaabbbbaaba TRUE-INDEX 0
[106, 29, 106, 106, 29, 106, 105, 26, 106, 29, 106, 96, 119, 49, 106, 17, 72, 102, 29, 106, 106, 96, 29, 96, 62, 106, 106, 106, 29, 96, 95, 106, 52, 14, 106, 92, 37, 106, 124, 42, 8, 29, 29, 29, 29, 106, 106, 60, 46, 29, 28, 25, 77, 106, 13, 42, 29, 106, 29, 106, 106, 29, 106, 58, 118, 106, 29, 106, 40, 122, 106, 106, 29, 106, 29, 106, 29, 96]
baabbbaabaabbbabbabaabbbbbaaaabb
baabbbaabaabbbab TRUE-INDEX 0
[29, 106, 106, 29, 29, 96, 29, 60, 112, 35, 106, 38, 77, 106, 13, 42, 8, 29, 106, 106, 29, 29, 96, 29, 60, 112, 35, 106, 38, 77, 106, 106, 29, 29, 29, 3, 108, 106, 33, 89, 64, 29, 13, 42, 29, 106, 29, 106, 106, 29, 51, 93, 106, 106, 29, 106, 40, 122, 106, 15, 29, 107, 106, 29, 106, 106, 106, 96, 29, 60, 18, 76, 104, 29, 125]
abaabaabbbabbabbabbaaabaaabbaaaabaababbbaabbbaaaaaabbbaa
abaabaabbbabbabbabbaa TRUE-INDEX 0
[106, 29, 106, 106, 29, 106, 105, 26, 106, 29, 106, 96, 119, 49, 106, 17, 72, 102, 29, 124, 42, 8, 29, 29, 106, 29, 29, 106, 29, 106, 29, 96, 29, 106, 29, 3, 101, 113, 63, 64, 29, 13, 42, 106, 29, 29, 106, 106, 106, 119, 85, 106, 106, 29, 29, 106, 106, 40, 29, 29, 29, 29, 106, 58, 106, 96, 74, 111]
baaabbbabbaabaaabaababaabbbabbbaaaabbbbbbabbbaaaabbaaaab
baaabbbabbaabaaa TRUE-INDEX 0
[29, 106, 106, 106, 29, 106, 106, 96, 29, 29, 3, 100, 68, 29, 38, 77, 106, 13, 42, 8, 29, 29, 106, 106, 29, 106, 106, 96, 95, 53, 24, 25, 77, 106, 13, 42, 29, 106, 106, 29, 106, 106, 29, 54, 106, 106, 106, 106, 22, 106, 106, 29, 3, 106, 106, 106, 29, 96, 106]
abbbbbaaabaababaabaaabbbbbabbbbbbabbbabababbbbaabaabbbaaaaaabbaa
abbbbbaa TRUE-INDEX 0
[106, 29, 29, 29, 29, 29, 29, 29, 29, 29, 96, 29, 29, 29, 29, 3, 29, 1, 14, 106, 92, 37, 106, 124, 42, 8, 106, 29, 106, 106, 29, 106, 105, 26, 29, 17, 72, 102, 29, 106, 106, 96, 29, 96, 62, 106, 106, 106, 29, 96, 95, 106, 52, 14]
abbbabbbbabaabbbaabababbbbabbbabaaaabbab
abbbabbbbabaabbbaababab TRUE-INDEX 0
[106, 29, 29, 29, 106, 98, 29, 52, 29, 81, 72, 102, 29, 124, 42, 8, 29, 106, 29, 106, 106, 29, 106, 106, 29, 106, 106, 29, 51, 29, 30, 84, 89, 64, 29, 13, 42, 106, 106, 29, 29, 106, 29, 106, 29, 106, 29, 106, 29, 3, 86, 106, 55, 120, 106, 29, 106, 40, 122, 29, 9, 106, 44, 29, 90]
abbaababbbaabbbbaabababbbbbabaabaaabaaaababababbabbaaaab
abbaababbbaabbbbaababab TRUE-INDEX 0
[106, 29, 29, 106, 106, 96, 95, 106, 106, 40, 29, 123, 106, 81, 72, 102, 29, 124, 42, 8, 29, 29, 106, 106, 29, 29, 29, 106, 106, 96, 29, 29, 29, 3, 101, 113, 63, 64, 29, 13, 42, 106, 106, 29, 29, 106, 29, 106, 29, 106, 29, 106, 29, 3, 86, 106, 55, 120, 106, 29, 106, 40, 122, 29, 9, 106, 44, 29, 90]
abbbbabaabbbaabbabababbabaaabbabaababaabbabbbabbabbbbbbabbaabaabbabababb
abbbbabaabbbaabba TRUE-INDEX 0
[106, 29, 29, 29, 29, 29, 29, 29, 29, 29, 96, 29, 106, 40, 43, 91, 29, 92, 37, 106, 124, 42, 8, 106, 29, 29, 29, 106, 98, 29, 106, 95, 106, 52, 29, 81, 72, 102, 29, 124, 42, 106, 29, 106, 29, 106, 96, 119, 29, 103, 29, 106, 105, 29, 23, 29, 115, 117, 94, 29, 106, 29, 29, 106, 29, 106, 29, 54, 116, 106, 9, 29]
baabababbbaaaaababaaabaa
baabababb TRUE-INDEX 0
[29, 106, 106, 29, 106, 106, 96, 29, 60, 112, 35, 106, 38, 77, 106, 106, 29, 106, 29, 3, 108, 106, 33, 89, 64, 29, 13, 42, 8, 29, 29, 106, 106, 106, 106, 106, 75, 53, 24, 25, 77, 29, 106, 106, 96, 106]
aabaaaaaaaabaabbabbbbaaabbabbaab
aabaaaaaaaabaabbabbbb TRUE-INDEX 0
[106, 106, 29, 106, 106, 96, 95, 106, 52, 79, 29, 106, 29, 106, 98, 106, 47, 106, 29, 106, 106, 106, 106, 75, 32, 127, 87, 37, 106, 124, 42, 8, 106, 106, 106, 29, 106, 96, 119, 106, 110, 79, 29, 12, 102, 29, 124, 42, 106, 29, 29, 29, 29, 106, 58, 85, 106, 88, 117, 94, 29, 29, 29, 29, 29, 29, 29, 29, 29, 58, 29, 96, 74, 111]
aaabaabbaaaabaababbaaababbabaaba
aaabaabbaaaabaababbaa TRUE-INDEX 0
[106, 106, 106, 29, 106, 96, 119, 106, 110, 79, 29, 12, 102, 29, 124, 42, 8, 106, 106, 106, 106, 106, 96, 29, 96, 62, 106, 106, 29, 51, 86, 106, 65, 106, 12, 102, 29, 124, 42, 106, 29, 29, 106, 106, 106, 119, 85, 106, 106, 29, 29, 106, 106, 40, 29, 29, 29, 29, 106, 58, 106, 96, 74, 111]
abaaaaaaabbbaabbabaaabbbbaabbbbaaaaaaaaaaaabababaaaabbba
abaaaaaaabbbaabba TRUE-INDEX 0
[106, 29, 106, 106, 106, 106, 106, 106, 119, 49, 106, 17, 72, 102, 29, 106, 106, 96, 106, 96, 62, 106, 106, 22, 106, 48, 91, 106, 106, 106, 96, 95, 106, 52, 14, 106, 92, 37, 106, 124, 42, 8, 106, 29, 29, 29, 106, 98, 29, 106, 95, 106, 52, 29, 81, 72, 102, 29, 124, 42, 106, 29, 106, 106, 106, 119, 29, 103, 106, 106, 106, 22, 29, 106, 106, 106, 29, 3, 27, 34, 120, 29, 106, 106, 75, 122, 29, 106, 29]
baababbaabbaaabbaaaaaaabbbabaaabbbabaabb
baababbaabbaaabbaaaaaaa TRUE-INDEX 0
[29, 106, 106, 29, 106, 106, 96, 29, 60, 112, 35, 106, 29, 96, 106, 29, 3, 100, 68, 29, 38, 77, 106, 13, 42, 8, 106, 29, 29, 106, 106, 96, 95, 106, 52, 29, 81, 72, 102, 29, 124, 42, 106, 106, 106, 106, 96, 106, 96, 62, 2, 106, 106, 106, 106, 106, 106, 106, 106, 51, 86, 106, 55, 120, 106, 90]
aabaaaaabaabbbbbaabbbaabaaababbabbabbaabaaaaabab
aabaaaaabaabbbbbaabbbaa TRUE-INDEX 0
[106, 106, 29, 106, 106, 96, 95, 106, 52, 79, 29, 106, 29, 106, 98, 106, 47, 106, 29, 106, 106, 106, 106, 75, 32, 127, 87, 37, 106, 124, 42, 8, 29, 106, 106, 29, 29, 96, 29, 60, 112, 35, 106, 29, 96, 29, 29, 3, 100, 68, 29, 38, 77, 106, 106, 29, 29, 29, 3, 108, 29, 29, 29, 96, 119, 6, 29, 33, 89, 64, 29, 13, 42, 106, 106, 29, 29, 29, 29, 58, 2, 29, 29, 29, 29, 29, 106, 58, 27, 129, 106, 29, 29, 29, 3, 86, 106, 55, 120, 106, 90]
baaabbbbababbababababbabbbbabaabbabbbaabaaaaabaaababbbab
baaabbbbababbaba TRUE-INDEX 0
[29, 106, 106, 106, 29, 106, 106, 96, 29, 29, 3, 100, 68, 29, 38, 77, 106, 106, 106, 29, 29, 96, 119, 108, 106, 29, 29, 3, 6, 29, 33, 89, 64, 29, 13, 42, 8, 106, 29, 106, 29, 29, 29, 29, 106, 98, 49, 29, 106, 29, 96, 29, 96, 62, 29, 29, 22, 106, 48, 91, 29, 92, 37, 106, 124, 42, 29, 106, 29, 106, 106, 29, 29, 29, 58, 118, 106, 29, 106, 40, 122, 106, 106, 29, 106, 29, 106, 29, 96, 29, 60, 18, 76, 104]
aabbbbabaabbbbababababbabaabbaabbbabbaaaababaabbababaaab
 TRUE-INDEX 0
[106, 106, 29, 29, 29, 29, 29, 29, 3, 86, 29, 29, 106, 29, 29, 29, 29, 106, 105, 10, 127, 87, 37]
bbbbbabbabbabbaaabaabbba
bbbbbabbabbabbaaa TRUE-INDEX 0
[29, 29, 29, 29, 29, 96, 29, 29, 29, 29, 29, 29, 106, 40, 29, 121, 39, 63, 64, 29, 13, 42, 8, 106, 29, 29, 106, 29, 96, 95, 106, 29, 29, 106, 96, 29, 29, 106, 29, 3, 29, 1, 14, 106, 92, 37, 106, 124, 42, 106, 29, 106, 106, 106, 29, 105, 29, 23, 29, 115, 117, 94, 29, 106, 106, 29, 29, 3, 27, 34, 120, 29, 106, 106, 75, 122, 29, 9, 29]
babbbaabbbabbbabbbbabbaabaaaaaaabaabababaaababbaabaaaaabbabbbbbaaaabaaabbbbabaaa
babbbaabb TRUE-INDEX 0
[29, 106, 29, 29, 29, 96, 29, 29, 29, 96, 106, 29, 29, 29, 106, 106, 22, 97, 84, 89, 64, 29, 13, 42, 8, 29, 29, 106, 29, 29, 29, 106, 40, 21, 24, 25, 77, 29, 106, 29, 96, 29, 29]
aabbbaaaabaaabaabbbabbaabaaababa
 TRUE-INDEX 0
[106, 106, 29, 29, 29, 29, 29, 29, 3, 86, 106, 65, 106, 12, 102, 106, 29, 29, 29, 106]
bbbaaaaaabaaaaabaaaabbbbbabababaaaabbaaabaabaabbaabaaaba
bbbaaaaaabaaaaabaaaabbb TRUE-INDEX 0
[29, 29, 29, 106, 106, 106, 119, 46, 106, 106, 40, 106, 106, 96, 95, 106, 7, 106, 28, 25, 77, 106, 13, 42, 8, 106, 29, 106, 106, 106, 106, 106, 106, 119, 49, 106, 17, 72, 102, 29, 124, 42, 106, 106, 106, 106, 96, 29, 96, 62, 2, 29, 71, 106, 106, 29, 54, 106, 106, 106, 29, 51, 86, 106, 106, 106, 51, 29, 80, 29, 55, 120, 106, 106, 106, 40, 122, 29, 9, 106, 106, 106, 119, 106, 96, 106, 96, 62, 29, 110, 111, 29, 44, 29, 90]
abbaaabaaabaabaabaabaaab
abbaaaba TRUE-INDEX 0
[106, 29, 29, 106, 106, 96, 95, 106, 52, 29, 81, 72, 102, 29, 29, 106, 96, 106, 106, 40, 43, 91, 29, 92, 37, 106, 124, 42, 8, 106, 106, 29, 106, 106, 96, 95, 29, 106, 29, 106, 98, 106, 47, 29, 65, 106, 12, 102, 106, 29, 106, 106]
baabababbbaaaababbabbababbbaabba
baabababb TRUE-INDEX 0
[29, 106, 106, 29, 106, 106, 96, 29, 60, 112, 35, 106, 38, 77, 106, 106, 29, 106, 29, 3, 108, 106, 33, 89, 64, 29, 13, 42, 8, 29, 29, 106, 106, 106, 106, 29, 106, 106, 96, 106]
abababaababbbaabaaabaabbbbabbbbaaaaabaaaaababaaaababaabababaaaba
abababaababbbaabaaab TRUE-INDEX 0
[106, 29, 106, 29, 106, 29, 29, 106, 29, 96, 106, 96, 62, 29, 48, 91, 106, 29, 106, 98, 29, 52, 14, 106, 92, 37, 106, 124, 42, 8, 29, 106, 29, 29, 29, 96, 29, 29, 29, 96, 106, 29, 29, 29, 106, 106, 22, 97, 84, 89, 64, 29, 13, 42, 106, 106, 106, 29, 96, 106, 96, 62, 2, 106, 29, 106, 58, 21, 106, 71, 106, 106, 106, 106, 29, 51, 106, 29, 96, 95, 106, 80, 106, 106, 106, 106, 106, 106, 96, 29, 96, 62]
bbababbaaababbbbbbbaaaababababab
bbababba TRUE-INDEX 0
[29, 29, 106, 29, 106, 29, 29, 29, 58, 21, 24, 25, 77, 106, 13, 42, 8, 106, 106, 29, 106, 29, 96, 95, 29, 106, 29, 3, 86, 29, 106, 98, 29, 106, 98, 29, 47, 29, 65, 106, 29, 106, 29, 29]
aabaabababbaaabaaaabaababaaaabbaabaaaaaabbbbabab
aabaabababbaaabaaaab TRUE-INDEX 0
[106, 106, 29, 106, 106, 96, 95, 29, 106, 29, 106, 98, 106, 47, 29, 65, 106, 12, 102, 29, 124, 42, 8, 106, 29, 29, 106, 106, 96, 95, 106, 52, 29, 81, 72, 102, 29, 29, 106, 96, 106, 106, 40, 43, 91, 29, 92, 37, 106, 124, 42, 106, 106, 106, 29, 96, 106, 96, 62, 2, 106, 29, 106, 58, 21, 106, 71, 106, 106, 106, 106, 29, 51, 106, 29, 96, 95, 106, 80, 106, 106, 106, 106, 106, 106, 96, 29, 96, 62]
abbaaababbbbbabbaaabaaaaabababbb
abbaaababbbbbabbaaab TRUE-INDEX 0
[106, 29, 29, 106, 106, 96, 95, 106, 52, 29, 81, 72, 102, 29, 29, 106, 96, 106, 106, 40, 43, 91, 29, 92, 37, 106, 124, 42, 8, 29, 29, 29, 29, 29, 96, 29, 29, 29, 29, 29, 29, 106, 40, 29, 121, 39, 63, 64, 29, 13, 42, 106, 106, 106, 29, 96, 106, 96, 62, 2, 106, 29, 106, 58, 21, 106, 71, 106, 67, 94, 106, 106, 106, 29, 51, 106, 29, 96, 95, 106, 80, 106, 106, 106, 106, 106, 106, 96, 29, 96, 62]
baaabbabbaabbbaaaaaaaababababbaaabaaabbabaaaaaaabaaabbaa
baaabbabbaabbbaaaaaaa TRUE-INDEX 0
[29, 106, 106, 106, 29, 106, 106, 96, 29, 29, 3, 100, 68, 106, 106, 106, 29, 29, 96, 119, 108, 106, 33, 89, 64, 29, 13, 42, 8, 29, 106, 106, 29, 29, 96, 29, 60, 112, 35, 106, 38, 77, 106, 13, 42, 106, 106, 106, 106, 96, 106, 96, 62, 2, 106, 106, 106, 106, 106, 106, 106, 106, 51, 86, 106, 55, 120, 106, 106, 106, 40, 122, 106, 106, 106, 106, 119, 106, 110, 111]
aaaaaabbbaaabbbabbbabaabbaababaabaaaabaa
aaaaaabbbaaabbba TRUE-INDEX 0
[106, 106, 106, 106, 106, 119, 106, 110, 79, 29, 12, 102, 29, 124, 42, 8, 29, 106, 106, 106, 29, 106, 106, 96, 29, 29, 3, 100, 68, 29, 38, 77, 106, 13, 42, 29, 29, 29, 106, 29, 29, 29, 29, 22, 106, 57, 29, 15, 29, 29, 29, 29, 106]
abaabaaaabbbbabaabaabbabbabbabab
abaabaaaabbbbabaabaabba TRUE-INDEX 0
[106, 29, 106, 106, 29, 106, 105, 26, 106, 29, 106, 96, 119, 49, 106, 17, 72, 102, 29, 106, 106, 96, 29, 96, 62, 106, 106, 106, 29, 96, 95, 106, 52, 14, 106, 92, 37, 106, 124, 42, 8, 106, 29, 29, 29, 29, 29, 29, 29, 29, 29, 96, 29, 106, 40, 43, 91, 29, 92, 37, 106, 124, 42, 106, 29, 106, 106, 106, 29, 105, 29, 23, 29, 106, 106, 29, 29, 3, 27, 34, 120, 106, 90]
ababbababbbbabaaabbaaabbaaaababa
ababbababbbbabaaabbaa TRUE-INDEX 0
[106, 29, 106, 29, 29, 29, 29, 106, 98, 49, 29, 106, 29, 96, 29, 96, 62, 29, 29, 22, 106, 48, 91, 29, 92, 37, 106, 124, 42, 8, 29, 29, 29, 29, 106, 106, 96, 29, 60, 46, 29, 106, 40, 29, 7, 106, 28, 25, 77, 106, 13, 42, 106, 29, 29, 106, 106, 106, 119, 85, 106, 106, 29, 29, 106, 106, 40, 29, 29, 29, 29, 106, 58, 106, 96, 74, 111]
abbabbabbbaaabbaababbaabaabaaaababbabababbbaababbaabbbbbbabbabbaabbbbabbbaabbbab
 TRUE-INDEX 0
[106, 29, 29, 106, 29, 96, 95, 106, 29, 29, 106, 96, 29, 29, 106, 29, 3, 29, 1, 14, 106, 92, 37]
baababababaabaaaabbbaaba
baababababaabaaaabbba TRUE-INDEX 0
[29, 106, 106, 29, 106, 106, 96, 29, 60, 112, 35, 106, 38, 77, 106, 106, 29, 106, 29, 3, 108, 106, 33, 89, 64, 29, 13, 42, 8, 106, 29, 106, 106, 29, 106, 105, 26, 106, 29, 106, 96, 119, 49, 106, 17, 72, 102, 29, 106, 106, 96, 29, 96, 62, 106, 106, 106, 29, 96, 95, 106, 52, 14, 106, 92, 37, 106, 124, 42, 106, 29, 29, 29, 29, 29, 29, 29, 106, 40, 29, 29, 29, 29, 29, 29, 58, 106, 96, 74, 111]
bbaabaaabaabbabbaababaabbbbbabbaaababbba
bbaabaaabaabbabbaababaa TRUE-INDEX 0
[29, 29, 106, 106, 29, 106, 106, 96, 95, 53, 24, 25, 77, 106, 13, 42, 8, 29, 106, 106, 29, 29, 96, 106, 29, 96, 29, 106, 106, 29, 29, 29, 29, 106, 96, 119, 6, 29, 33, 89, 64, 29, 13, 42, 106, 106, 29, 29, 106, 29, 106, 29, 106, 29, 106, 29, 3, 86, 106, 55, 120, 106, 90]
bbabbabaaaabbaabbbabbbaabababbbbbbbbaaabbaabbbababbaaaab
bbabbab TRUE-INDEX 0
[29, 29, 106, 29, 29, 106, 29, 106, 29, 96, 29, 106, 29, 3, 101, 113, 63, 64]
aabbbbaaabababbaaaababbbbabaaaab
aabbbbaaabababbaaaab TRUE-INDEX 0
[106, 106, 29, 29, 29, 29, 29, 29, 3, 86, 29, 29, 106, 29, 29, 29, 29, 106, 105, 10, 127, 87, 37, 106, 124, 42, 8, 106, 29, 106, 29, 106, 29, 29, 106, 29, 96, 106, 96, 62, 29, 48, 91, 29, 92, 37, 106, 124, 42, 106, 106, 106, 29, 96, 106, 96, 62, 2, 29, 71, 106, 106, 106, 106, 29, 51, 106, 29, 96, 95, 106, 80, 29, 55, 120, 106, 106, 106, 106, 106, 106, 96, 29, 96, 62]
baabababaabaaaaabbaaaaaaabbbbbaabbaaaabb
baabababaabaaaaa TRUE-INDEX 0
[29, 106, 106, 29, 106, 106, 96, 29, 60, 112, 35, 106, 38, 77, 106, 106, 29, 106, 29, 3, 108, 106, 33, 89, 64, 29, 13, 42, 8, 106, 106, 29, 106, 106, 96, 95, 106, 52, 79, 29, 106, 29, 106, 98, 106, 47, 106, 29, 106, 106, 106, 106, 75, 32, 127, 87, 37, 106, 124, 42, 29, 29, 106, 106, 106, 96, 106, 96, 62, 106, 1, 106, 16, 50, 109, 29, 106, 106, 75, 122, 106, 15, 29, 106, 29, 106, 106, 106, 106, 60, 5, 66, 104]
abbabbabaabbbaaaaaababaaababbabb
 TRUE-INDEX 0
[106, 29, 29, 106, 29, 96, 95, 106, 29, 29, 106, 96, 29, 29, 106, 29, 3, 29, 1, 14, 106, 92, 37]
bbaabaaabbbbaabbabbbbababbaaaaaaababaaaabbabaabb
bbaabaaabbbbaabbabbbb TRUE-INDEX 0
[29, 29, 106, 106, 29, 106, 106, 96, 95, 53, 24, 25, 77, 106, 13, 42, 8, 29, 29, 29, 29, 106, 106, 60, 46, 29, 28, 25, 77, 29, 29, 29, 106, 106, 40, 29, 121, 39, 63, 64, 29, 13, 42, 106, 29, 29, 29, 29, 106, 58, 85, 29, 29, 106, 58, 27, 29, 88, 117, 94, 29, 29, 29, 29, 29, 29, 29, 29, 29, 58, 29, 96, 74, 111]
ababaaaaabbbaabababbbbbaaabaabba
ababaaaaabbbaaba TRUE-INDEX 0
[106, 29, 106, 29, 106, 106, 22, 26, 29, 29, 106, 29, 96, 106, 96, 62, 29, 106, 29, 106, 98, 29, 106, 95, 106, 52, 14, 106, 92, 37, 106, 124, 42, 8, 106, 29, 29, 29, 106, 98, 29, 106, 95, 106, 52, 29, 81, 72, 102, 29, 29, 29, 96, 106, 106, 40, 43, 91, 29, 92, 37, 106, 124, 42, 29, 106, 29, 29, 29, 96, 29, 60, 93, 29, 29, 106, 29, 106, 106, 29, 29, 3, 29, 20, 83, 106, 29, 29, 29]
abbbbababbabbbaaaababbabbbababbabaabaaba
abbbbababbabbbaaaababb TRUE-INDEX 0
[106, 29, 29, 29, 29, 29, 29, 29, 29, 29, 96, 29, 106, 40, 43, 91, 29, 92, 37, 106, 124, 42, 8, 29, 29, 106, 29, 29, 29, 106, 40, 21, 24, 25, 77, 106, 13, 42, 106, 106, 29, 29, 106, 29, 106, 29, 29, 3, 27, 129, 106, 29, 106, 29, 3, 86, 29, 106, 95, 106, 29, 106, 40, 122, 29, 9, 106, 29, 106, 96, 119, 29, 96, 106, 96, 62, 29, 110, 111, 29, 44]
abaaabbbbabbbaabbbaababbabbaaabaababaaab
abaaabbbbabbbaab TRUE-INDEX 0
[106, 29, 106, 106, 106, 29, 105, 26, 29, 17, 72, 102, 29, 124, 42, 8, 29, 106, 29, 29, 29, 96, 29, 29, 29, 96, 106, 29, 29, 29, 106, 106, 22, 97, 84, 89, 64, 29, 13, 42, 29, 29, 106, 106, 29, 3, 106, 96, 29, 96, 62, 106, 1, 106, 96, 29, 106, 106, 75, 122, 29, 29, 29, 106, 29, 106, 106, 29, 96]
aaaababbbbbbaaabaaabbbbabaaababa
 TRUE-INDEX 0
[106, 106, 106, 106, 106, 96, 29, 96, 62, 106, 106, 29, 51, 86, 106, 65, 106, 106, 106]
bbabbbaabbababaaabbbbbaabaaaaabb
bbabbbaabbababaaabbbbb TRUE-INDEX 0
[29, 29, 106, 29, 29, 29, 106, 40, 21, 24, 25, 77, 106, 13, 42, 8, 29, 29, 106, 29, 106, 29, 106, 58, 21, 24, 25, 77, 106, 13, 42, 106, 29, 29, 29, 29, 29, 29, 58, 85, 106, 88, 117, 94, 29, 29, 29, 29, 29, 29, 29, 29, 29, 58, 29, 96, 74, 111, 29, 44]
bbbbabbbaaabaabbbaaababaaabbabbabbbabbbbbaaabaabbabaaabbaaaaaabbbaaabbabaababaab
b TRUE-INDEX 0
[29, 29, 29, 29, 106, 106, 96, 29, 60, 46, 29, 28, 25, 77, 29, 29, 29, 106]
babbbaababbabababaabaaaaaaaabaaaaabbabab
babbbaababbababa TRUE-INDEX 0
[29, 106, 29, 29, 29, 96, 29, 29, 29, 96, 106, 29, 29, 29, 106, 106, 22, 97, 84, 89, 64, 29, 13, 42, 8, 106, 29, 29, 106, 29, 96, 95, 106, 52, 29, 81, 72, 102, 29, 29, 106, 96, 29, 106, 40, 43, 91, 29, 92, 37, 106, 124, 42, 29, 106, 106, 29, 106, 106, 40, 106, 19, 114, 128, 109, 106, 106, 106, 106, 22, 106, 106, 29, 3, 106, 106, 106, 29, 96, 106, 106, 40, 43, 76, 104]
babbaaababaaabaabaabbaba
ba TRUE-INDEX 0
[29, 106, 29, 29, 106, 106, 60, 46, 35, 106, 38, 77, 106, 29, 29]
bbbabbbabbababaababbaaaabaaabbbbabbaaabbbabbbaaabbababbb
bbbabbbabbababaa TRUE-INDEX 0
[29, 29, 29, 106, 29, 29, 96, 119, 46, 29, 28, 25, 77, 106, 13, 42, 8, 29, 29, 106, 29, 106, 29, 106, 58, 21, 24, 25, 77, 106, 13, 42, 29, 106, 29, 29, 106, 106, 60, 93, 106, 70, 128, 109, 106, 29, 106, 106, 29, 29, 3, 106, 29, 29]
abbbbaaabbbbbbbaabaabaaababbaaab
abbbbaaabbbbbbbaabaaba TRUE-INDEX 0
[106, 29, 29, 29, 29, 29, 29, 29, 29, 29, 96, 29, 106, 40, 43, 91, 29, 29, 29, 3, 29, 96, 29, 96, 62, 106, 1, 14, 106, 92, 37, 106, 124, 42, 8, 29, 29, 29, 29, 29, 96, 29, 60, 46, 29, 28, 25, 77, 106, 13, 42, 106, 29, 106, 106, 106, 29, 105, 106, 29, 106, 106, 29, 29, 106, 106, 75, 122, 29, 9, 106, 44]
abbaabaababaaaababababaabababbaaaababaaaaaaabaab
 TRUE-INDEX 0
[106, 29, 29, 106, 106, 96, 95, 106, 106, 40, 29, 123, 106, 81, 72, 102, 29, 29, 106, 96, 106, 29, 106, 106, 96, 106, 96, 62]
abaababbaabaaabbbbabbabbbbaaaaab
abaababbaabaaabb TRUE-INDEX 0
[106, 29, 106, 106, 29, 106, 105, 26, 29, 17, 72, 102, 29, 124, 42, 8, 106, 106, 29, 106, 106, 96, 95, 106, 52, 79, 29, 12, 102, 29, 124, 42, 29, 29, 106, 29, 29, 3, 29, 96, 29, 96, 62, 106, 1, 29, 96, 29, 106, 29, 29, 29, 106, 29, 29, 106, 29, 29, 106, 96, 119, 5, 66, 104, 29, 125]
abbabbbbaababaaaabaaaabbababbbbbaaaabaaaabaaaaab
 TRUE-INDEX 0
[106, 29, 29, 106, 29, 96, 95, 106, 29, 29, 106, 96, 29, 29, 106, 29, 3, 29, 1, 14]
abbbbbabababbabbaaaabbaabbbbabaabaabbaaabbaabbaabaabaaab
 TRUE-INDEX 0
[106, 29, 29, 29, 29, 29, 29, 29, 29, 29, 96, 29, 29, 29, 29, 3, 29, 1, 14, 106, 92, 37]
aababbaabbabbbaaabbabaaabbbbabaaaaaabbbbaaabaaabbbbbbbbb
aababbaabbabbbaaabbab TRUE-INDEX 0
[106, 106, 29, 106, 29, 96, 95, 29, 106, 29, 3, 86, 29, 106, 98, 29, 106, 98, 29, 47, 29, 65, 106, 12, 102, 106, 29, 106, 29, 29, 106, 98, 32, 127, 87, 37, 106, 124, 42, 8, 29, 29, 106, 29, 29, 29, 106, 40, 21, 24, 25, 77, 106, 13, 42, 106, 29, 29, 106, 29, 106, 96, 119, 85, 106, 88, 117, 94, 29, 29, 106, 29, 29, 29, 29, 106, 58, 29, 96, 74, 111]
bbbabaaabaaaabbbabaabaaaaaaaaaabbaabbbbaababaaabaabaaabaaabaabaababbbbab
bbbabaaabaaaabbbabaaba TRUE-INDEX 0
[29, 29, 29, 106, 29, 106, 96, 119, 46, 106, 106, 29, 96, 95, 106, 7, 106, 28, 25, 77, 106, 13, 42, 8, 29, 106, 106, 106, 106, 106, 96, 106, 29, 3, 100, 68, 29, 38, 77, 106, 106, 106, 106, 106, 106, 29, 3, 6, 29, 33, 89, 64, 29, 13, 42, 106, 29, 106, 106, 106, 29, 105, 106, 29, 106, 106, 29, 29, 106, 106, 75, 122, 29, 9, 106, 44]
bbbbaabaabbabbabbabbaaab
bbbbaaba TRUE-INDEX 0
[29, 29, 29, 29, 106, 106, 60, 46, 29, 28, 25, 77, 106, 13, 42, 8, 106, 29, 29, 106, 29, 96, 95, 106, 29, 29, 106, 96, 29, 29, 106, 29, 3, 29, 1, 14, 106, 92, 37]
abbbaaabaabaaabbbaababbababbabbabbabbabbabbabaab
abbbaaabaabaaabb TRUE-INDEX 0
[106, 29, 29, 29, 106, 98, 29, 106, 95, 106, 52, 29, 106, 98, 106, 123, 106, 81, 72, 102, 29, 124, 42, 8, 106, 106, 29, 106, 106, 96, 95, 106, 52, 79, 29, 12, 102, 29, 124, 42, 29, 106, 106, 29, 106, 106, 29, 54, 29, 19, 114, 128, 109, 106, 106, 106, 106, 22, 106, 106, 29, 3, 106, 106, 106, 29, 96, 106]
bbbbababbbaabbaaaaabbbabababaaabbaaaabaaabbabbbabababbbbaaaabbbaaaababab
b TRUE-INDEX 0
[29, 29, 29, 29, 106, 106, 96, 29, 60, 46, 29, 106, 40, 29, 7, 106, 28, 25, 77, 29, 29, 29, 106]
abaabaaaabbabaababbababbabbbbaabaaaabbaa
abaabaaa TRUE-INDEX 0
[106, 29, 106, 106, 29, 106, 105, 26, 106, 29, 106, 96, 119, 49, 106, 17, 72, 102, 29, 106, 106, 96, 29, 96, 62, 106, 106, 106, 29, 96, 95, 106, 52, 14, 106, 92, 37, 106, 124, 42, 8, 106, 29, 29, 106, 29, 96, 95, 106, 52, 106, 29, 29, 106, 96, 29, 106, 40, 43, 91, 29, 106, 29, 3, 106, 96, 29, 96, 62, 106, 1, 14, 106, 92, 37]
abaabaababaabaabaaabbbbbababbbbaaaababbbbaaaabaaabababbbbbabaabb
abaabaababaabaabaaabbbb TRUE-INDEX 0
[106, 29, 106, 106, 29, 106, 105, 26, 106, 29, 106, 96, 119, 49, 106, 17, 72, 102, 29, 124, 42, 8, 106, 29, 106, 106, 29, 106, 105, 26, 106, 29, 106, 96, 119, 49, 106, 17, 72, 102, 29, 124, 42, 106, 106, 106, 29, 96, 29, 96, 62, 2, 29, 71, 106, 106, 106, 106, 29, 51, 29, 80, 29, 55, 120, 106, 106, 106, 106, 106, 106, 96, 29, 96, 62, 29, 110, 111, 29, 44, 29, 90]
aaabaabbbbaababaabbbabbbbaabbaab
aaabaabbbbaababaabbbabb TRUE-INDEX 0
[106, 106, 106, 29, 106, 96, 119, 106, 110, 79, 29, 12, 102, 29, 124, 42, 8, 29, 29, 106, 106, 29, 106, 29, 96, 95, 53, 24, 25, 77, 106, 13, 42, 106, 29, 29, 29, 29, 29, 29, 29, 106, 40, 29, 121, 34, 120, 29, 29, 29, 29, 29, 29, 58, 106, 96, 74, 111, 29, 44, 29, 90]
abbbbbbabbbbbaaabaaaabaa
 TRUE-INDEX 0
[106, 29, 29, 29, 29, 29, 29, 29, 29, 29, 96, 29, 29, 29, 29, 3, 29, 1, 14]
bbbaaaaabbbaabaabababaabbbabbbbb
bbbaaaaabbbaabaa TRUE-INDEX 0
[29, 29, 29, 106, 106, 106, 119, 46, 106, 106, 40, 106, 106, 96, 95, 106, 7, 106, 28, 25, 77, 106, 13, 42, 8, 29, 29, 29, 106, 106, 106, 106, 40, 29, 7, 106, 28, 25, 77, 106, 13, 42, 29, 106, 29, 106, 106, 29, 106, 58, 118, 106, 29, 106, 40, 122, 106, 106, 29, 106, 29, 106, 29, 96]
abaabaababbabbaabbaabababbaabbaabaabbaab
abaabaababbabbaa TRUE-INDEX 0
[106, 29, 106, 106, 29, 106, 105, 26, 106, 29, 106, 96, 119, 49, 106, 17, 72, 102, 29, 124, 42, 8, 106, 29, 29, 106, 29, 96, 95, 106, 29, 29, 106, 96, 29, 29, 106, 29, 3, 29, 1, 14, 106, 92, 37, 106, 124, 42, 29, 29, 106, 106, 29, 3, 106, 96, 29, 96, 62, 106, 1, 106, 96, 29, 106, 106, 75, 122, 29, 29, 29, 106, 29, 106, 106, 29, 96]
bbbbbaaaabbababbbabbbbbbaabbaaababbbabababbabaaabbabbaaabaabbbababaabbbbabaabaab
b TRUE-INDEX 0
[29, 29, 29, 29, 29, 96, 29, 29, 29, 29, 29, 29, 106, 40]
bbabbaaababaaaaaabbaaaaaababbbbbabbabbba
bbabbaaababaaaaaabbaa TRUE-INDEX 0
[29, 29, 106, 29, 29, 106, 106, 40, 21, 24, 25, 77, 106, 13, 42, 8, 29, 106, 29, 106, 106, 106, 119, 46, 35, 106, 38, 77, 106, 13, 42, 106, 29, 29, 106, 106, 106, 119, 85, 106, 88, 117, 94, 29, 29, 106, 106, 40, 29, 29, 29, 29, 106, 58, 106, 96, 74, 111]
bbbabbbaabaaababaabbabbbaabbbabbbaabaaab
bbbabbba TRUE-INDEX 0
[29, 29, 29, 106, 29, 29, 96, 119, 46, 29, 28, 25, 77, 106, 13, 42, 8, 106, 29, 106, 106, 106, 29, 105, 26, 106, 106, 29, 106, 106, 96, 106, 96, 62, 29, 48, 91, 106, 106, 106, 96, 95]
bbabbbbbabbabbbaaaaaabbbbbaaabbaabaabbbabaaabbaaabaabaaa
bbabbbbb TRUE-INDEX 0
[29, 29, 106, 29, 29, 29, 29, 106, 29, 96, 29, 29, 29, 3, 101, 113, 63, 64, 29, 13, 42, 8, 106, 29, 29, 106, 29, 96, 95, 106, 29, 29, 106, 96, 29, 29, 106, 29, 3, 29, 1, 14]
bbaaabaababbbaaabaabaaabababababababbaaaaaabbaba
bbaaaba TRUE-INDEX 0
[29, 29, 106, 106, 106, 29, 106, 106, 96, 106, 29, 106, 98, 101, 113, 63, 64]
bbbabababbbbbabbababbbbbbababaabaaabbaaabbababbbbabababbbbbbbababbbabbbb
bbbabababbbbbabba TRUE-INDEX 0
[29, 29, 29, 106, 29, 106, 96, 119, 46, 29, 28, 25, 77, 106, 13, 42, 8, 29, 29, 29, 29, 29, 96, 29, 29, 29, 29, 29, 29, 106, 40, 29, 121, 39, 63, 64, 29, 13, 42, 106, 29, 106, 29, 29, 96, 119, 29, 103, 29, 29, 29, 22, 29, 106, 29, 29, 29, 29, 58, 27, 34, 120, 29, 106, 29, 106, 29, 54, 116, 29]
babbaabaaaaabbbbababbbbbaaaaaabaabaaabbaabbabbbb
babbaabaaaaabbbba TRUE-INDEX 0
[29, 106, 29, 29, 106, 106, 60, 46, 35, 29, 29, 106, 106, 60, 112, 68, 29, 38, 77, 106, 13, 42, 8, 106, 106, 106, 106, 106, 96, 29, 96, 62, 29, 110, 79, 29, 12, 102, 29, 124, 42, 106, 29, 106, 29, 29, 96, 119, 29, 103, 29, 29, 29, 22, 29, 106, 29, 29, 29, 29, 58, 27, 34, 120, 29, 106, 29, 106, 29, 54, 116, 29]
ababbbbabbabbaaababbbaabbbaababaabbbbabaaaaabbaaaaabbbba
ababbbbabbabbaaa TRUE-INDEX 0
[106, 29, 106, 29, 29, 29, 22, 26, 29, 17, 72, 102, 29, 106, 29, 96, 29, 96, 62, 29, 48, 91, 29, 92, 37, 106, 124, 42, 8, 29, 29, 106, 29, 29, 106, 106, 40, 21, 24, 25, 77, 106, 13, 42, 29, 106, 29, 29, 29, 96, 29, 29, 106, 95, 118, 106, 29, 106, 106, 29, 29, 3, 29, 20, 83, 106, 107, 106, 125]
aaaabbabbabbbbbabbbbbaabaaaaabbbabaabaaaaababaababbabbbb
 TRUE-INDEX 0
[106, 106, 106, 106, 106, 96, 29, 96, 62, 29, 110, 79, 106, 106, 29, 51, 86, 106, 106, 106]
bbabbbbbaababaabbbaabbbbaabbbaabbbbbabaababbaaabaaaabbbabbbabbbb
bbabbbbbaababaab TRUE-INDEX 0
[29, 29, 106, 29, 29, 29, 29, 106, 29, 96, 29, 29, 29, 3, 101, 113, 63, 64, 29, 13, 42, 8, 106, 106, 29, 106, 29, 96, 95, 106, 52, 79, 29, 106, 29, 3, 86, 106, 65, 106, 12, 102, 29, 124, 42, 29, 29, 106, 106, 29, 3, 29, 1, 106, 96, 29, 106, 106, 75, 122, 29, 29, 29, 106, 29, 106, 106, 29, 96, 29, 60, 5, 66, 104, 29, 125]
baababbaaabababbabbbaabbababbbbaaaabbabababaaaba
baababbaaabababbabbba TRUE-INDEX 0
[29, 106, 106, 29, 106, 106, 96, 29, 60, 112, 35, 106, 29, 96, 106, 29, 3, 100, 68, 29, 38, 77, 106, 13, 42, 8, 106, 106, 29, 106, 29, 96, 95, 106, 52, 79, 29, 12, 102, 29, 124, 42, 106, 29, 29, 29, 29, 29, 29, 29, 106, 40, 29, 29, 29, 29, 29, 29, 58, 106, 96, 74, 111]
baabbbabbabbaaaabbabababbbaabaab
baabbbabbabbaaaa TRUE-INDEX 0
[29, 106, 106, 29, 29, 96, 29, 60, 112, 35, 106, 38, 77, 106, 106, 29, 29, 29, 3, 108, 106, 33, 89, 64, 29, 13, 42, 8, 29, 106, 29, 29, 106, 106, 60, 46, 35, 106, 38, 77, 106, 13, 42, 29, 29, 106, 29, 29, 96, 106, 96, 62, 29, 96, 106, 29, 51, 69, 29, 106, 29, 29, 29, 106, 29, 106, 98, 36, 83, 29, 106, 29, 106]
bbabbbbbbaaaabbbbbbbbabbbbbaaabbaabaaaba
bbabbbbbbaaaabbb TRUE-INDEX 0
[29, 29, 106, 29, 29, 29, 29, 106, 29, 96, 29, 29, 29, 3, 101, 113, 63, 64, 29, 13, 42, 8, 29, 106, 106, 106, 106, 106, 96, 106, 29, 3, 100, 68, 29, 38, 77, 106, 106, 106, 106, 106, 106, 29, 3, 6, 29, 33, 89, 64, 29, 13, 42, 29, 29, 29, 29, 29, 29, 96, 106, 96, 62, 29, 29, 29, 22, 29, 29, 45, 29, 57, 29, 15, 29, 29, 29, 29, 45, 36, 83, 106, 107, 29, 29, 29, 29, 45, 106, 126, 66, 104, 29, 125]
baaabaababababaabaabbabbbabaaaaaabaaabaa
baaabaababababaa TRUE-INDEX 0
[29, 106, 106, 106, 29, 106, 98, 112, 35, 106, 38, 77, 106, 106, 106, 29, 106, 96, 119, 108, 106, 33, 89, 64, 29, 13, 42, 8, 106, 29, 106, 29, 106, 29, 29, 106, 29, 96, 106, 96, 62, 29, 48, 91, 106, 29, 106, 98, 29, 52, 14, 106, 92, 37, 106, 124, 42, 29, 106, 106, 29, 29, 106, 40, 106, 106, 106, 106, 22, 106, 106, 29, 3, 29, 20, 83, 106, 107, 106, 106, 29, 96, 29, 106, 40, 43, 76, 104, 29, 125]
abbbaabbbaaabbabbaabababbbabbaab
abbbaabbbaaabbab TRUE-INDEX 0
[106, 29, 29, 29, 106, 98, 29, 106, 95, 106, 52, 29, 81, 72, 102, 29, 124, 42, 8, 29, 106, 106, 106, 29, 106, 106, 96, 29, 29, 3, 100, 68, 106, 106, 106, 29, 29, 96, 119, 108, 106, 33, 89, 64, 29, 13, 42, 29, 106, 106, 29, 106, 106, 29, 54, 106, 106, 106, 106, 22, 106, 106, 29, 3, 106, 106, 106, 29, 96, 106]
bbaababbaaabbaaaabaaabbaaabaabba
bbaababbaaabbaaaa TRUE-INDEX 0
[29, 29, 106, 106, 29, 106, 29, 96, 95, 53, 24, 25, 77, 29, 106, 106, 96, 29, 106, 29, 3, 101, 113, 63, 64, 29, 13, 42, 8, 106, 106, 106, 29, 29, 96, 119, 106, 110, 79, 106, 106, 106, 29, 29, 106, 40, 82, 106, 99, 87, 37, 106, 124, 42, 106, 29, 106, 106, 106, 119, 29, 103, 106, 106, 106, 22, 29, 106, 106, 106, 29, 3, 27, 34, 120, 29, 106, 106, 75, 122, 29, 106, 29]
abaabbabaaabaabaababbaabbabbaaaaabbaababbaaaaaaa
abaabbabaaabaabaababbaa TRUE-INDEX 0
[106, 29, 106, 106, 29, 106, 29, 29, 96, 119, 49, 106, 17, 72, 102, 29, 124, 42, 8, 106, 106, 106, 29, 106, 96, 119, 106, 110, 79, 29, 12, 102, 106, 106, 29, 106, 106, 40, 82, 29, 106, 106, 96, 95, 53, 29, 99, 87, 37, 106, 124, 42, 106, 29, 106, 29, 29, 96, 119, 29, 29, 29, 29, 22, 106, 23, 29, 106, 29, 29, 106, 58, 27, 34, 120, 106, 90]
aaaaaaaabbaaabbabaabbababbbbbaaabababbba
 TRUE-INDEX 0
[106, 106, 106, 106, 106, 119, 106, 110, 79, 106, 106, 106, 106, 51, 86, 106, 65, 106, 12, 102, 106, 106, 106, 106, 106, 75, 53]
aabbbbaaaaaaabbbabaaaabaabbbaaaaabbabaaababbabbb
aabbbbaaaaaaabbba TRUE-INDEX 0
[106, 106, 29, 29, 29, 29, 29, 29, 3, 86, 29, 29, 106, 29, 29, 29, 29, 106, 105, 10, 127, 87, 37, 106, 124, 42, 8, 106, 106, 106, 106, 106, 119, 106, 96, 106, 96, 62, 29, 110, 79, 29, 12, 102, 29, 124, 42, 106, 29, 106, 106, 106, 119, 106, 106, 106, 22, 106, 23, 29, 115, 117, 94, 29, 106, 106, 106, 29, 106, 106, 75, 122, 29, 106, 29]
bbbaaaaabbbbaabbbaaabbbbbbbbbaba
bbbaaaaabbbbaabb TRUE-INDEX 0
[29, 29, 29, 106, 106, 106, 119, 46, 106, 106, 40, 106, 106, 96, 95, 106, 7, 106, 28, 25, 77, 106, 13, 42, 8, 29, 29, 29, 29, 106, 106, 60, 46, 29, 28, 25, 77, 29, 29, 29, 106, 106, 40, 29, 121, 39, 63, 64, 29, 13, 42, 29, 106, 106, 106, 29, 106, 106, 106, 40, 122, 106, 106, 22, 106, 57, 29, 15, 29, 107, 106, 106, 106, 96, 29]
abaaabbbbaaaabbabbabbaaabaaaabab
abaaabbbbaaaabba TRUE-INDEX 0
[106, 29, 106, 106, 106, 29, 105, 26, 29, 17, 72, 102, 29, 124, 42, 8, 29, 106, 106, 106, 106, 106, 96, 106, 29, 3, 100, 68, 29, 38, 77, 106, 13, 42, 29, 29, 106, 29, 29, 3, 29, 96, 29, 96, 62, 106, 1, 106, 16, 50, 109, 29, 106, 29, 29, 29, 106, 29, 29, 106, 29, 29, 106, 96, 119, 5, 66, 104]
baabbabbbbaababaababbbbaabbbabbaaaaaababbaaaaabbaaabbbaa
baabbabbbbaababaa TRUE-INDEX 0
[29, 106, 106, 29, 29, 96, 106, 29, 96, 29, 106, 106, 29, 29, 29, 29, 106, 96, 119, 6, 29, 33, 89, 64, 29, 13, 42, 8, 29, 29, 106, 106, 29, 106, 29, 96, 95, 53, 24, 25, 77, 106, 13, 42, 106, 29, 106, 29, 29, 96, 119, 29, 103, 29, 29, 29, 22, 29, 106, 29, 29, 29, 29, 58, 27, 34, 120, 29, 106, 29, 106, 29, 54, 116, 29]
aaabbbbaaabaaabbbbbabbabaaabbbbbbaabbaaaaaaabaabbbbaaabaabaaabab
 TRUE-INDEX 0
[106, 106, 106, 29, 29, 96, 119, 29, 96, 29, 96, 62, 29, 110, 79, 29, 12, 102, 106, 106, 29, 29, 29, 29]
abaaaabbbbbbabbbaaaabbab
 TRUE-INDEX 0
[106, 29, 106, 106, 106, 106, 106, 106, 119, 49, 29, 106, 106, 96, 106, 96, 62, 106, 106, 22, 106, 48, 91, 29, 92, 37]
baababaabaabbbbaabbaaabbaaaabaabbbbabaabbababbba
baababaabaabbbbaabbaa TRUE-INDEX 0
[29, 106, 106, 29, 106, 106, 96, 29, 60, 112, 35, 106, 38, 77, 106, 13, 42, 8, 29, 106, 106, 29, 29, 96, 29, 60, 112, 35, 106, 29, 96, 29, 29, 3, 100, 68, 29, 38, 77, 106, 13, 42, 106, 29, 29, 106, 106, 106, 119, 85, 106, 106, 29, 29, 106, 106, 40, 29, 29, 29, 29, 106, 58, 106, 96, 74, 111]
ababbaaabbabbababaabaaabaaabaabbaabaaababbababab
 TRUE-INDEX 0
[106, 29, 106, 29, 29, 29, 29, 106, 98, 49, 106, 17, 72, 102, 29, 106, 29, 96, 29, 96, 62, 29, 29, 22, 106, 48, 91, 106, 29, 29]
bbaababaaaaaaabbababbabaaabbbbabaabababa
bbaababaaaaaaabba TRUE-INDEX 0
[29, 29, 106, 106, 29, 106, 29, 96, 95, 53, 24, 25, 77, 106, 13, 42, 8, 106, 106, 106, 106, 106, 119, 106, 110, 79, 29, 12, 102, 29, 124, 42, 106, 29, 106, 29, 29, 96, 119, 29, 29, 29, 29, 22, 106, 23, 29, 115, 117, 94, 29, 106, 29, 29, 106, 58, 27, 34, 120, 29, 106, 29, 106, 29, 54, 116, 29]
aaabaaaababbaaaabaaaaaabbabbabaaabababbbbbaaaaab
aaabaaaababbaaaa TRUE-INDEX 0
[106, 106, 106, 29, 106, 96, 119, 106, 110, 79, 106, 106, 106, 29, 106, 106, 40, 82, 106, 99, 87, 37, 106, 124, 42, 8, 29, 106, 29, 29, 106, 106, 60, 46, 35, 106, 38, 77, 106, 13, 42, 29, 106, 106, 106, 106, 106, 106, 106, 106, 40, 122, 106, 15, 106, 106, 106, 106, 75, 106, 20, 83, 106, 107, 106, 125]
babbbaabababaabbabababaaaaababbabbabbbabbababbba
babbbaabababaabba TRUE-INDEX 0
[29, 106, 29, 29, 29, 96, 29, 29, 29, 96, 106, 29, 29, 29, 106, 106, 22, 97, 84, 89, 64, 29, 13, 42, 8, 106, 29, 106, 29, 106, 106, 22, 26, 29, 17, 72, 102, 29, 124, 42, 106, 29, 106, 29, 106, 96, 119, 29, 103, 106, 115, 117, 94, 29, 106, 29, 29, 106, 29, 106, 29, 54, 116, 106, 9, 29]
baabbabbbabbbbbabbaaababababbaabbaaaaaaa
baabbabbbabbbbba TRUE-INDEX 0
[29, 106, 106, 29, 29, 96, 106, 29, 96, 29, 106, 106, 29, 29, 29, 29, 106, 96, 119, 6, 29, 33, 89, 64, 29, 13, 42, 8, 29, 106, 29, 29, 29, 96, 29, 60, 46, 35, 29, 29, 29, 96, 29, 60, 112, 68, 29, 38, 77, 106, 13, 42, 29, 29, 106, 106, 106, 96, 106, 96, 62, 106, 96, 106, 29, 51, 69, 29, 106, 106, 75, 122, 106, 15, 29, 107, 106, 125]
aaaabbbbaaaaaaaabaabaabbbbabbaabbbbaaababaaabbaaabaabbabaaaaabab
aaaabbbb TRUE-INDEX 0
[106, 106, 106, 106, 106, 96, 29, 96, 62, 29, 110, 79, 29, 12, 102, 29, 124, 42, 8, 106, 106, 106, 106, 106, 119, 106, 110, 79, 106, 106, 106, 106, 51, 86, 106, 65, 106, 12, 102, 106, 106, 106, 106, 106, 75, 53]
baaabbbabaabbabbaaabbbbbabaabaaaababbaab
baaabbbabaabbabbaaabbbb TRUE-INDEX 0
[29, 106, 106, 106, 29, 106, 106, 96, 29, 29, 3, 100, 68, 29, 38, 77, 106, 13, 42, 8, 29, 106, 106, 29, 29, 96, 106, 29, 96, 29, 106, 106, 29, 29, 29, 29, 106, 96, 119, 6, 29, 33, 89, 64, 29, 13, 42, 106, 106, 106, 29, 96, 29, 96, 62, 2, 29, 71, 106, 106, 106, 106, 29, 51, 29, 80, 29, 55, 120, 106, 106, 106, 106, 106, 106, 96, 29, 96, 62, 29, 110, 111, 29, 44, 29, 90]
babbaabaabbaaabbbbaaaaaaaaaaababababbbab
babbaabaabbaaabb TRUE-INDEX 0
[29, 106, 29, 29, 106, 106, 60, 46, 35, 29, 29, 106, 106, 60, 112, 68, 29, 38, 77, 106, 13, 42, 8, 106, 29, 29, 106, 106, 96, 95, 106, 52, 29, 81, 72, 102, 29, 124, 42, 29, 29, 106, 106, 106, 96, 106, 96, 62, 106, 1, 106, 16, 50, 109, 29, 106, 106, 75, 122, 106, 15, 29, 106, 29, 106, 106, 106, 106, 60, 5, 66, 104]
aaaabaaababbabbababbabbbaabbabbabbbbabbbbbbaaaaaabaabbaababbbbbbaabbabaaaaaababa
 TRUE-INDEX 0
[106, 106, 106, 106, 106, 96, 29, 96, 62, 106, 106, 29, 51, 86, 106, 65, 106, 12, 102, 106, 106, 106]
babbabaaaaabbbaaaabbaaabbbababbbaaabababaababbbb
babbabaa TRUE-INDEX 0
[29, 106, 29, 29, 106, 106, 96, 29, 60, 46, 35, 106, 38, 77, 106, 13, 42, 8, 106, 106, 106, 29, 29, 96, 119, 29, 96, 29, 96, 62, 29, 110, 79, 106, 106, 106, 29, 29, 29, 29]
abaabaabbaabbbbbabaabbabbaababbb
abaabaabbaabbbbbabaabba TRUE-INDEX 0
[106, 29, 106, 106, 29, 106, 105, 26, 106, 29, 106, 96, 119, 49, 106, 17, 72, 102, 29, 124, 42, 8, 29, 106, 106, 29, 29, 96, 29, 60, 112, 35, 106, 29, 96, 29, 29, 3, 100, 68, 29, 38, 77, 106, 106, 29, 29, 29, 3, 108, 29, 29, 29, 96, 119, 6, 29, 33, 89, 64, 29, 13, 42, 106, 29, 106, 106, 106, 29, 105, 29, 23, 29, 106, 106, 29, 29, 3, 27, 34, 120, 106, 90]
aaabbaaaaabbbaabaaababbabbbaaababbbbabab
aaabbaaaaabbbaabaaab TRUE-INDEX 0
[106, 106, 106, 29, 29, 96, 119, 106, 110, 79, 106, 106, 106, 29, 29, 106, 40, 82, 106, 99, 87, 37, 106, 124, 42, 8, 106, 106, 29, 29, 29, 29, 29, 29, 3, 86, 106, 65, 106, 12, 102, 29, 124, 42, 106, 106, 106, 29, 96, 106, 96, 62, 2, 29, 71, 106, 106, 106, 106, 29, 51, 106, 29, 96, 95, 106, 80, 29, 55, 120, 106, 106, 106, 106, 106, 106, 96, 29, 96, 62]
babbabaaabbaaaaabaaaabbaababbaabbabbbaaa
babbabaaabbaaaaa TRUE-INDEX 0
[29, 106, 29, 29, 106, 106, 96, 29, 60, 46, 35, 106, 38, 77, 106, 13, 42, 8, 106, 29, 29, 106, 106, 96, 95, 106, 52, 106, 106, 40, 29, 29, 106, 96, 106, 106, 40, 43, 91, 29, 106, 106, 96, 106, 96, 62, 106, 1, 14, 106, 92, 37, 106, 124, 42, 29, 106, 106, 106, 106, 29, 106, 106, 106, 40, 122, 106, 15, 29, 107, 106, 106, 106, 96, 106]
bbababaaabaabbaaaabaaabbababaabababbbbbaabaababaabbabababbbbbaab
bbababaa TRUE-INDEX 0
[29, 29, 106, 29, 106, 29, 106, 58, 21, 24, 25, 77, 106, 13, 42, 8, 106, 29, 106, 106, 29, 106, 29, 29, 96, 119, 49, 106, 17, 72, 102, 29, 106, 106, 96, 29, 96, 62, 29, 48, 91, 106, 106, 29, 96, 95]
baabbbbababbbbbabbaaababbaababaaabaabbbababbbbabababbaaabbabaababbabaaaa
baabbbbababbbbba TRUE-INDEX 0
[29, 106, 106, 29, 29, 96, 29, 60, 112, 35, 106, 29, 96, 29, 29, 3, 100, 68, 29, 38, 77, 106, 13, 42, 8, 29, 106, 29, 29, 29, 96, 29, 60, 46, 35, 29, 29, 29, 96, 29, 60, 112, 68, 29, 38, 77, 106, 13, 42, 29, 29, 106, 106, 106, 96, 106, 96, 62, 106, 96, 106, 29, 51, 69, 29, 106, 106, 75, 122, 106, 15, 29, 107, 106, 125]
aaaaabbbabaaabbbbabbbaabbaaaabbaaabbbabbbbaaabba
aaaaabbbabaaabbb TRUE-INDEX 0
[106, 106, 106, 106, 106, 119, 106, 96, 106, 96, 62, 29, 110, 79, 29, 12, 102, 29, 124, 42, 8, 106, 29, 106, 106, 106, 29, 105, 26, 29, 17, 72, 102, 29, 124, 42, 29, 106, 29, 29, 29, 96, 29, 29, 106, 95, 118, 106, 29, 106, 106, 29, 29, 3, 29, 20, 83, 106, 107, 106, 125]
bbaabbbbbbabbabababababbabaababa
bbaabbbbbbabbab TRUE-INDEX 0
[29, 29, 106, 106, 29, 29, 29, 106, 106, 96, 29, 29, 29, 3, 101, 113, 63, 64, 29, 13, 42, 8, 29, 29, 106, 29, 29, 106, 29, 106, 29, 96, 29, 106, 29, 3, 101, 113, 63, 64]
bababaaaaaabbabaaababbabbbbbbbbaaaaabbab
bababaaaaaabbabaaababb TRUE-INDEX 0
[29, 106, 29, 106, 29, 106, 96, 119, 46, 35, 106, 38, 77, 106, 13, 42, 8, 106, 106, 106, 29, 29, 96, 119, 106, 110, 79, 29, 12, 102, 106, 106, 29, 29, 106, 40, 82, 29, 29, 106, 95, 53, 29, 99, 87, 37, 106, 124, 42, 106, 106, 29, 29, 106, 29, 106, 29, 29, 3, 27, 129, 106, 29, 106, 29, 3, 86, 29, 106, 95, 106, 29, 106, 40, 122, 29, 9, 106, 29, 106, 96, 119, 29, 96, 106, 96, 62, 29, 110, 111, 29, 44]
ababbaabbbaabbbbbbababaabaababaa
ababbaabbbaabbbb TRUE-INDEX 0
[106, 29, 106, 29, 29, 29, 29, 106, 98, 49, 106, 17, 72, 102, 29, 124, 42, 8, 29, 29, 106, 106, 29, 29, 29, 106, 106, 96, 29, 29, 29, 3, 101, 113, 63, 64, 29, 13, 42, 29, 29, 106, 29, 29, 96, 106, 96, 62, 29, 96, 106, 29, 51, 69, 29, 106, 29, 29, 29, 106, 29, 106, 98, 36, 83, 29, 106, 29, 106]
aaabbbaababaabbabaaaaaaabaaaabab
 TRUE-INDEX 0
[106, 106, 106, 29, 29, 96, 119, 29, 96, 29, 96, 62, 29, 110, 79, 106, 106, 106, 29, 29, 29, 29]
aabbbaabaabbbaabbaaabaaaabbabbaabbaabbba
aabbbaabaabbbaab TRUE-INDEX 0
[106, 106, 29, 29, 29, 29, 29, 29, 3, 86, 106, 65, 106, 12, 102, 29, 124, 42, 8, 106, 106, 29, 29, 29, 29, 29, 29, 3, 86, 106, 65, 106, 12, 102, 29, 124, 42, 29, 106, 106, 106, 29, 106, 106, 106, 106, 40, 122, 106, 106, 22, 106, 57, 29, 15, 106, 106, 106, 106, 75, 106, 106, 106, 96, 29, 106, 40, 43, 76, 104]
abbaaabbbabbbbbbbaababbaabbbaababbbbaaab
abbaaabbbabbbbbb TRUE-INDEX 0
[106, 29, 29, 106, 106, 96, 95, 106, 52, 29, 81, 72, 102, 29, 124, 42, 8, 29, 106, 29, 29, 29, 96, 29, 60, 46, 35, 29, 29, 29, 96, 29, 60, 112, 68, 29, 38, 77, 106, 29, 29, 29, 29, 29, 22, 97, 84, 89, 64, 29, 13, 42, 29, 106, 106, 29, 106, 106, 29, 54, 29, 19, 114, 128, 109, 106, 106, 106, 106, 22, 106, 106, 29, 3, 106, 106, 106, 29, 96, 106]
babbabaabbbbbaabbaabbabaabbbbaabbbabbabbbabbbaabaabbabaaaabaaaba
babbabaab TRUE-INDEX 0
[29, 106, 29, 29, 106, 106, 96, 29, 60, 46, 35, 106, 38, 77, 106, 13, 42, 8, 29, 29, 29, 29, 29, 96, 29, 29, 29, 29, 29, 29, 106, 40]
bababaababbaaabaabaabaabaaabaabbbaabaaabbbaaabba
bababaababbaaabaabaaba TRUE-INDEX 0
[29, 106, 29, 106, 29, 106, 96, 119, 46, 35, 106, 38, 77, 106, 29, 106, 29, 106, 58, 106, 30, 84, 89, 64, 29, 13, 42, 8, 106, 29, 29, 106, 106, 96, 95, 106, 52, 29, 81, 72, 102, 29, 29, 106, 96, 106, 106, 40, 43, 91, 29, 92, 37, 106, 124, 42, 106, 29, 106, 106, 106, 29, 105, 106, 29, 106, 106, 29, 29, 106, 106, 75, 122, 29, 9, 106, 44]
bababaabbaaabbbbbaaaabbaaabbbbba
bababaabbaaabbbb TRUE-INDEX 0
[29, 106, 29, 106, 29, 106, 96, 119, 46, 35, 106, 38, 77, 106, 29, 106, 29, 106, 58, 106, 30, 84, 89, 64, 29, 13, 42, 8, 29, 106, 106, 106, 29, 106, 106, 96, 29, 29, 3, 100, 68, 29, 38, 77, 106, 106, 106, 29, 29, 96, 119, 108, 106, 29, 29, 3, 6, 29, 33, 89, 64, 29, 13, 42, 29, 106, 106, 106, 106, 29, 106, 106, 106, 40, 122, 106, 15, 29, 107, 106, 106, 106, 96, 106]
babbbabbbabaaaabbabababb
ba TRUE-INDEX 0
[29, 106, 29, 29, 29, 96, 29, 29, 29, 96, 106, 29, 29, 29, 106]
baaabaabbbbababbbabbbaabbbbbabaaaaaabbbbaaabaaabaaaabbabaaaaaaaabaaaabab
baaabaabbbbababb TRUE-INDEX 0
[29, 106, 106, 106, 29, 106, 98, 112, 35, 106, 38, 77, 106, 106, 106, 29, 106, 96, 119, 108, 106, 33, 89, 64, 29, 13, 42, 8, 29, 29, 29, 106, 29, 106, 96, 119, 46, 29, 28, 25, 77, 29, 29, 106, 29, 106, 29, 51, 4, 39, 63, 64, 29, 13, 42, 29, 106, 29, 29, 29, 96, 29, 29, 106, 95, 118, 106, 29, 106, 106, 29, 29, 3, 29, 20, 83, 106, 107, 106, 125]
baaabbbababbbbaabbaababbaabaabaa
baaabbbababbbbaa TRUE-INDEX 0
[29, 106, 106, 106, 29, 106, 106, 96, 29, 29, 3, 100, 68, 29, 38, 77, 106, 13, 42, 8, 29, 106, 29, 29, 29, 96, 29, 60, 46, 35, 106, 38, 77, 106, 13, 42, 29, 29, 106, 106, 29, 3, 106, 96, 29, 96, 62, 106, 1, 106, 96, 29, 106, 106, 75, 122, 29, 29, 29, 106, 29, 106, 106, 29, 96]
aabaaabbaabababbbbbabaaabbabbbab
aabaaabbaabababb TRUE-INDEX 0
[106, 106, 29, 106, 106, 96, 95, 106, 52, 79, 29, 12, 102, 29, 124, 42, 8, 106, 106, 29, 106, 29, 96, 95, 106, 52, 79, 29, 12, 102, 29, 124, 42, 29, 29, 29, 106, 29, 29, 29, 29, 22, 106, 57, 29, 15, 29, 29, 29, 29, 106]
bbbbabbbbbaabbbababbabab
b TRUE-INDEX 0
[29, 29, 29, 29, 106, 106, 96, 29, 60, 46, 29, 28, 25, 77, 29, 29, 29, 106]
baabaaabbbaaabbaaabbabbababbbbab
baabaa TRUE-INDEX 0
[29, 106, 106, 29, 106, 106, 60, 112, 35, 106, 38, 77, 106, 106, 29, 106, 29, 106, 106, 119, 6]
abbaaabbabbbaabbbbbabaabababaaaaaababbabaabaabbb
abbaaabbabbbaabb TRUE-INDEX 0
[106, 29, 29, 106, 106, 96, 95, 106, 52, 29, 81, 72, 102, 29, 124, 42, 8, 106, 29, 29, 29, 106, 98, 29, 106, 95, 106, 52, 29, 81, 72, 102, 29, 124, 42, 29, 29, 29, 106, 29, 29, 29, 29, 22, 106, 57, 29, 15, 29, 29, 29, 29, 106]
aabbabaaabbbbababaaabbababaababbaabaaababbabbabababbbabb
aabbabaaabbbbaba TRUE-INDEX 0
[106, 106, 29, 29, 106, 98, 29, 52, 79, 29, 29, 29, 29, 106, 29, 29, 106, 29, 106, 40, 10, 127, 87, 37, 106, 124, 42, 8, 106, 29, 29, 29, 29, 29, 29, 29, 29, 29, 96, 29, 106, 40, 43, 91, 29, 92, 37, 106, 124, 42, 29, 106, 106, 106, 29, 106, 106, 106, 40, 122, 106, 106, 22, 106, 57, 29, 15, 29, 107, 106, 125]
bbabaabababbbbabbbabbbba
b TRUE-INDEX 0
[29, 29, 106, 29, 106, 29, 106, 29, 96, 106]
abaabbbabbaababaaababbabbbaabbabbbbbbbaa
abaabbbabbaababaaababb TRUE-INDEX 0
[106, 29, 106, 106, 29, 106, 29, 29, 96, 119, 49, 29, 106, 106, 96, 29, 96, 62, 29, 48, 91, 29, 92, 37, 106, 124, 42, 8, 29, 29, 106, 106, 29, 106, 29, 96, 95, 53, 24, 25, 77, 106, 13, 42, 106, 106, 29, 29, 106, 29, 106, 29, 29, 3, 27, 129, 106, 29, 106, 29, 3, 86, 29, 106, 95, 106, 29, 106, 40, 122, 29, 9, 106, 29, 106, 96, 119, 29, 96, 106, 96, 62, 29, 110, 111, 29, 44]
abaabbabaaaabbbbaaabbababbbababbbbbabbab
abaabbabaaaabbbbaaabb TRUE-INDEX 0
[106, 29, 106, 106, 29, 106, 29, 29, 96, 119, 49, 106, 17, 72, 102, 29, 124, 42, 8, 106, 106, 106, 106, 106, 96, 29, 96, 62, 29, 110, 79, 29, 12, 102, 29, 124, 42, 106, 106, 106, 29, 96, 29, 96, 62, 2, 106, 29, 29, 29, 58, 21, 106, 71, 106, 106, 106, 106, 29, 51, 29, 80, 106, 106, 106, 106, 106, 106, 96, 29, 96, 62, 29, 110, 111]
bbbaaaaabbaabaabaabaaabaaabaabbbbaaaabab
bbbaaaaab TRUE-INDEX 0
[29, 29, 29, 106, 106, 106, 119, 46, 106, 106, 40, 106, 106, 96, 95, 106, 7, 106, 28, 25, 77, 106, 13, 42, 8, 29, 29, 106, 106, 29, 106, 106, 96, 95, 53, 24, 25, 77, 29, 106, 106, 96, 29, 106]
aabaabbbbbbbabbbabababaaabaaaaaabbbbbbabaaaabbbaaabbabaaaababaabbabaaababbaabaab
 TRUE-INDEX 0
[106, 106, 29, 106, 106, 96, 95, 29, 106, 29, 106, 98, 106, 47, 29, 65, 106, 29, 106, 106]
aababaabaaaaaabababbbaabbbabbbaabaabbbababaabbabaaaababb
aababaabaaaaaaba TRUE-INDEX 0
[106, 106, 29, 106, 29, 96, 95, 106, 52, 79, 29, 106, 29, 3, 86, 106, 65, 106, 12, 102, 29, 124, 42, 8, 106, 106, 106, 106, 106, 119, 106, 110, 79, 29, 12, 102, 106, 106, 106, 106, 106, 75, 53, 29, 99, 87, 37, 106, 124, 42, 29, 106, 29, 29, 29, 96, 29, 29, 106, 95, 118, 106, 29, 106, 106, 29, 29, 3, 29, 20, 83, 106, 107, 106, 125]
baabbbbbaaabbabaaabaaabb
baabbbbbaaabbabaaabaaab TRUE-INDEX 0
[29, 106, 106, 29, 29, 96, 29, 60, 112, 35, 106, 29, 96, 29, 29, 3, 100, 68, 29, 38, 77, 106, 106, 29, 29, 29, 3, 108, 29, 29, 29, 96, 119, 6, 29, 33, 89, 64, 29, 13, 42, 8, 106, 106, 106, 29, 29, 96, 119, 106, 110, 79, 29, 12, 102, 106, 106, 29, 29, 106, 40, 82, 29, 29, 106, 95, 53, 29, 99, 87, 37, 106, 124, 42, 106, 106, 29, 29, 106, 106, 40, 21, 106, 71, 29, 106, 106, 106, 29, 106, 29, 106, 95, 106, 80, 106, 29, 106, 40, 122, 106, 29, 106, 58, 116, 106, 9, 106, 44, 29, 90]
aaaaabbbbbababbaaabaababbbaababbaabbabaababaabba
aaaaabbbbbababbaaabaaba TRUE-INDEX 0
[106, 106, 106, 106, 106, 119, 106, 96, 106, 96, 62, 29, 110, 79, 29, 12, 102, 29, 124, 42, 8, 29, 29, 106, 29, 106, 29, 29, 29, 58, 21, 24, 25, 77, 106, 13, 42, 106, 106, 29, 29, 106, 106, 40, 21, 29, 106, 106, 29, 3, 27, 129, 106, 29, 106, 29, 106, 95, 106, 80, 29, 55, 120, 106, 90]
bbbabababaabaaaabbbababaaaabbababbbabaabaababbba
bbbabababaabaaaa TRUE-INDEX 0
[29, 29, 29, 106, 29, 106, 96, 119, 46, 29, 28, 25, 77, 106, 13, 42, 8, 29, 106, 106, 29, 106, 106, 60, 112, 35, 106, 38, 77, 106, 13, 42, 29, 29, 29, 106, 29, 29, 29, 29, 22, 106, 57, 29, 15, 29, 29, 29, 29, 106]
babababbbbabbbabbaabbaabbabbbaba
ba TRUE-INDEX 0
[29, 106, 29, 106, 29, 106, 96, 119, 46, 35, 29, 106, 29, 106, 98, 112, 68, 29, 38, 77, 106, 29, 106, 29, 106, 58]
ababbbbabbabbbaaabaaabbabbbbbaab
ababbbbabbabbbaaa TRUE-INDEX 0
[106, 29, 106, 29, 29, 29, 22, 26, 29, 17, 72, 102, 29, 106, 29, 96, 29, 96, 62, 29, 48, 91, 29, 92, 37, 106, 124, 42, 8, 29, 29, 106, 29, 29, 29, 106, 40, 21, 24, 25, 77, 106, 13, 42, 106, 29, 106, 106, 106, 119, 29, 103, 106, 106, 106, 22, 29, 106, 106, 106, 29, 3, 27, 34, 120, 29, 106, 106, 75, 122, 29, 106, 29]
baabbbababaababbbbabbabbbaabaabbaabbabab
baabbbababaababb TRUE-INDEX 0
[29, 106, 106, 29, 29, 96, 29, 60, 112, 35, 106, 38, 77, 106, 106, 29, 29, 29, 3, 108, 106, 33, 89, 64, 29, 13, 42, 8, 106, 29, 106, 106, 29, 106, 105, 26, 29, 17, 72, 102, 29, 124, 42, 29, 29, 106, 29, 29, 3, 29, 96, 29, 96, 62, 106, 1, 29, 96, 29, 106, 29, 29, 29, 106, 29, 29, 106, 29, 29, 106, 96, 119, 5, 66, 104, 29, 125]
baabababbabbbbbbababbbbbbbaabbba
baabababbabbbbbba TRUE-INDEX 0
[29, 106, 106, 29, 106, 106, 96, 29, 60, 112, 35, 106, 38, 77, 106, 106, 29, 106, 29, 3, 108, 106, 33, 89, 64, 29, 13, 42, 8, 29, 106, 29, 29, 29, 96, 29, 60, 46, 35, 29, 29, 29, 96, 29, 60, 112, 68, 29, 38, 77, 106, 29, 29, 29, 29, 29, 22, 97, 84, 89, 64, 29, 13, 42, 106, 29, 106, 29, 29, 96, 119, 29, 103, 29, 29, 29, 22, 29, 106, 29, 29, 29, 29, 58, 27, 34, 120, 29, 106, 29, 106, 29, 54, 116, 29]
baaabaabbbaababbbabaaabbbbaabbbbbabbaaababababbb
baaabaabbbaababb TRUE-INDEX 0
[29, 106, 106, 106, 29, 106, 98, 112, 35, 106, 38, 77, 106, 106, 106, 29, 106, 96, 119, 108, 106, 33, 89, 64, 29, 13, 42, 8, 29, 29, 106, 106, 29, 106, 29, 96, 95, 53, 24, 25, 77, 29, 106, 106, 96, 29, 106, 29, 3, 101, 113, 63, 64, 29, 13, 42, 29, 106, 29, 106, 106, 106, 106, 51, 93, 106, 106, 29, 106, 40, 122, 106, 15, 106, 29, 106, 29, 106, 106, 106, 60, 18, 76, 104, 29, 125]
abbaaabaabbaaabbaabbbaabbaabbbbbabbbaaababaababbabababababaaabba
abbaaabaabbaaabbaabbbaa TRUE-INDEX 0
[106, 29, 29, 106, 106, 96, 95, 106, 52, 29, 81, 72, 102, 29, 29, 106, 96, 106, 106, 40, 43, 91, 29, 92, 37, 106, 124, 42, 8, 106, 29, 29, 106, 106, 96, 95, 106, 52, 29, 81, 72, 102, 29, 124, 42, 106, 106, 29, 29, 29, 29, 58, 2, 29, 29, 29, 29, 29, 106, 58, 27, 129, 106, 29, 29, 29, 3, 86, 106, 55, 120, 106, 90]
abbaaabbabababbbbabaabbbabbaababbbaababaababaaab
abbaaabb TRUE-INDEX 0
[106, 29, 29, 106, 106, 96, 95, 106, 52, 29, 81, 72, 102, 29, 124, 42, 8, 106, 29, 106, 29, 106, 29, 29, 106, 29, 96, 106, 96, 62, 29, 48, 91, 29, 92, 37]
bbaababbbbbabbbababbbbaabaaaaababaaaaabb
bbaababbbbbabbba TRUE-INDEX 0
[29, 29, 106, 106, 29, 106, 29, 96, 95, 53, 24, 25, 77, 29, 106, 106, 96, 29, 106, 29, 3, 101, 113, 63, 64, 29, 13, 42, 8, 29, 29, 29, 106, 29, 29, 96, 119, 46, 29, 28, 25, 77, 106, 13, 42, 29, 106, 29, 29, 29, 96, 29, 60, 93, 106, 70, 128, 109, 106, 29, 106, 106, 29, 29, 3, 29, 20, 83, 106, 29, 29, 29]
abaabaaabaababbababaabbbabababaabaabaabbabaaaaaabbbbaaababbbbbbbbbaaaaab
abaabaaabaababba TRUE-INDEX 0
[106, 29, 106, 106, 29, 106, 105, 26, 106, 29, 106, 96, 119, 49, 106, 17, 72, 102, 29, 106, 106, 96, 29, 96, 62, 106, 106, 106, 29, 96, 95, 106, 52, 14, 106, 92, 37, 106, 124, 42, 8, 29, 106, 106, 29, 106, 106, 96, 29, 60, 112, 35, 106, 29, 96, 106, 29, 3, 100, 68, 29, 38, 77, 106, 13, 42, 29, 106, 29, 106, 106, 29, 51, 93, 106, 106, 29, 106, 40, 122, 106, 15, 29, 107, 106, 29, 106, 106, 106, 96, 29, 60, 18, 76, 104, 29, 125]
aababaabbaaabaabbabaaabbbaaabbababbababbbbaabaabbbabababbbbbabababaaaabb
aababaabbaaabaab TRUE-INDEX 0
[106, 106, 29, 106, 29, 96, 95, 106, 52, 79, 29, 106, 29, 3, 86, 106, 65, 106, 12, 102, 29, 124, 42, 8, 29, 106, 106, 106, 29, 106, 98, 112, 35, 106, 38, 77, 106, 106, 106, 29, 106, 96, 119, 108, 106, 33, 89, 64, 29, 13, 42, 29, 106, 29, 106, 106, 106, 106, 51, 93, 106, 106, 29, 106, 40, 122, 106, 15, 106, 29, 106, 29, 106, 106, 106, 60, 18, 76, 104, 29, 125]
abaabaaaabaaaaabaaababbaaabbbabbaaaabaaa
abaabaaaabaaaaabaaab TRUE-INDEX 0
[106, 29, 106, 106, 29, 106, 105, 26, 106, 29, 106, 96, 119, 49, 106, 17, 72, 102, 29, 106, 106, 96, 29, 96, 62, 106, 106, 106, 29, 96, 95, 106, 52, 14, 106, 92, 37, 106, 124, 42, 8, 106, 29, 106, 106, 106, 106, 106, 106, 119, 49, 106, 17, 72, 102, 29, 124, 42, 106, 106, 106, 29, 96, 106, 96, 62, 2, 29, 71, 106, 106, 106, 106, 29, 51, 106, 29, 96, 95, 106, 80, 29, 55, 120, 106, 106, 106, 106, 106, 106, 96, 29, 96, 62]
bbbaababbbaabaaaababaaaaaabbbbbb
bbbaababbbaabaaaababaa TRUE-INDEX 0
[29, 29, 29, 106, 106, 106, 106, 40, 29, 7, 106, 28, 25, 77, 29, 29, 106, 106, 29, 106, 98, 4, 39, 63, 64, 29, 13, 42, 8, 29, 29, 106, 106, 29, 106, 106, 96, 95, 53, 24, 25, 77, 106, 13, 42, 106, 29, 106, 29, 106, 96, 119, 29, 106, 98, 106, 103, 106, 115, 117, 94, 29, 106, 29, 29, 106, 29, 106, 29, 54, 116, 106, 9, 106, 44]
aaaaabbbbaabbbbbbabaaabbaabbbababaabbbaa
aaaaabbbbaabbbbb TRUE-INDEX 0
[106, 106, 106, 106, 106, 119, 106, 96, 106, 96, 62, 29, 110, 79, 29, 12, 102, 29, 124, 42, 8, 29, 106, 106, 29, 29, 96, 29, 60, 112, 35, 106, 29, 96, 29, 29, 3, 100, 68, 29, 38, 77, 106, 106, 29, 29, 29, 3, 108, 29, 29, 29, 96, 119, 6, 29, 33, 89, 64, 29, 13, 42, 29, 106, 29, 106, 106, 106, 106, 51, 93, 106, 106, 29, 106, 40, 122, 106, 15, 106, 29, 106, 29, 106, 106, 106, 60, 18, 76, 104, 29, 125]
baaaabbbabaaaaaaabbbaaaaabbbaaabbbbbabbaaaaaabbababaaaba
baaaabbbabaaaaaaabbba TRUE-INDEX 0
[29, 106, 106, 106, 106, 106, 96, 106, 29, 3, 100, 68, 29, 38, 77, 106, 106, 106, 106, 106, 106, 29, 3, 6, 29, 33, 89, 64, 29, 13, 42, 8, 106, 29, 106, 106, 106, 106, 106, 106, 119, 49, 106, 17, 72, 102, 29, 106, 106, 96, 106, 96, 62, 106, 106, 22, 106, 48, 91, 106, 106, 106, 96, 95, 106, 52, 14, 106, 92, 37, 106, 124, 42, 106, 29, 29, 29, 29, 29, 29, 29, 106, 40, 29, 29, 29, 29, 29, 29, 58, 106, 96, 74, 111]
babbbbaaaabbaabaaabababbaabaabbbaaabbbababbbaabaaaaababbbbabbbabbabbabaabbbbbaaa
babbbbaa TRUE-INDEX 0
[29, 106, 29, 29, 29, 96, 29, 60, 46, 35, 106, 38, 77, 106, 13, 42, 8, 106, 106, 29, 29, 106, 98, 29, 106, 95, 106, 52, 79, 29, 12, 102, 106, 29, 29, 106, 106]
abbbaabbbababbababbbaabbbbababbbaababbba
abbbaabbbababbababbba TRUE-INDEX 0
[106, 29, 29, 29, 106, 98, 29, 106, 95, 106, 52, 29, 81, 72, 102, 29, 124, 42, 8, 29, 106, 29, 106, 29, 29, 96, 119, 46, 35, 106, 38, 77, 106, 29, 106, 29, 29, 29, 58, 106, 30, 84, 89, 64, 29, 13, 42, 106, 29, 29, 29, 29, 29, 29, 29, 106, 40, 29, 29, 29, 29, 29, 29, 58, 106, 96, 74, 111]
aabaaabbaaaaaabbbbbbbabbbbbaabababababbababbabbaaaaabababaabbababbabaababababbba
aabaaabbaaaaaabb TRUE-INDEX 0
[106, 106, 29, 106, 106, 96, 95, 106, 52, 79, 29, 12, 102, 29, 124, 42, 8, 106, 106, 106, 106, 106, 119, 106, 110, 79, 29, 12, 102, 29, 124, 42, 29, 29, 29, 29, 29, 29, 96, 106, 96, 62, 29, 29, 29, 22, 29, 29, 45, 29, 57, 29, 15, 29, 29, 29, 29, 45, 36, 83, 106, 107, 29, 29, 29, 29, 45, 106, 126, 66, 104, 29, 125]
bababaaaabbababbabbbababababaabb
bababaaaabbababbabbbaba TRUE-INDEX 0
[29, 106, 29, 106, 29, 106, 96, 119, 46, 35, 106, 38, 77, 106, 13, 42, 8, 106, 29, 29, 106, 29, 96, 95, 106, 52, 29, 81, 72, 102, 29, 124, 42, 106, 29, 29, 29, 29, 29, 29, 29, 106, 40, 29, 121, 34, 120, 106, 90]
aabbaaaabbbabaaaaaabaaaaabaababbbabbbbbaaababbaaaababbbb
aabbaaaabbbabaaaaaab TRUE-INDEX 0
[106, 106, 29, 29, 106, 98, 29, 106, 95, 106, 52, 79, 29, 29, 29, 29, 106, 29, 29, 106, 106, 106, 40, 10, 127, 87, 37, 106, 124, 42, 8, 29, 29, 29, 106, 29, 106, 96, 119, 46, 106, 106, 29, 96, 95, 106, 7, 106, 28, 25, 77, 106, 13, 42, 106, 106, 106, 29, 96, 106, 96, 62, 2, 106, 29, 106, 58, 21, 106, 71, 106, 67, 94, 106, 106, 106, 29, 51, 106, 29, 96, 95, 106, 80, 106, 106, 106, 106, 106, 106, 96, 29, 96, 62]
baaabaababbabbaabaabbbbaabbaaaaaabbbaabb
baaabaababbabbaa TRUE-INDEX 0
[29, 106, 106, 106, 29, 106, 98, 112, 35, 106, 38, 77, 106, 106, 106, 29, 106, 96, 119, 108, 106, 33, 89, 64, 29, 13, 42, 8, 106, 29, 29, 106, 29, 96, 95, 106, 29, 29, 106, 96, 29, 29, 106, 29, 3, 29, 1, 14, 106, 92, 37, 106, 124, 42, 29, 106, 106, 29, 29, 106, 106, 106, 106, 22, 106, 106, 29, 3, 29, 20, 83, 106, 106, 29, 96, 29]
babababababbbbaaaaaaaabbbaaabbbabaaaabaa
babababababbbbaaaaaaa TRUE-INDEX 0
[29, 106, 29, 106, 29, 106, 96, 119, 46, 35, 29, 106, 29, 106, 98, 112, 68, 29, 38, 77, 106, 13, 42, 8, 29, 106, 29, 29, 29, 96, 29, 60, 46, 35, 106, 38, 77, 106, 13, 42, 106, 106, 106, 106, 96, 106, 96, 62, 2, 106, 106, 106, 106, 106, 106, 106, 106, 51, 86, 106, 55, 120, 106, 106, 106, 40, 122, 106, 106, 106, 106, 119, 106, 110, 111]
baabbbaabbaaababbaaaabbaabbaaaabbabaabba
baabbbaabbaaabab TRUE-INDEX 0
[29, 106, 106, 29, 29, 96, 29, 60, 112, 35, 106, 38, 77, 106, 13, 42, 8, 29, 29, 106, 106, 106, 29, 106, 106, 96, 106, 29, 106, 98, 101, 113, 63, 64, 29, 13, 42, 29, 106, 106, 106, 106, 29, 106, 106, 106, 40, 122, 106, 15, 29, 107, 106, 106, 106, 96, 106]
abbbababbabbabaaaaabaaaaabbabbaaaaabbbba
abbbababbabbabaaaaab TRUE-INDEX 0
[106, 29, 29, 29, 106, 98, 29, 52, 29, 106, 98, 29, 106, 40, 29, 123, 106, 81, 72, 102, 29, 124, 42, 8, 29, 106, 29, 29, 106, 106, 96, 29, 60, 46, 35, 106, 38, 77, 106, 13, 42, 106, 106, 106, 29, 96, 106, 96, 62, 2, 106, 29, 106, 58, 21, 106, 71, 106, 67, 94, 106, 106, 106, 29, 51, 106, 29, 96, 95, 106, 80, 106, 106, 106, 106, 106, 106, 96, 29, 96, 62]
